0
169
425
950
2800
8056
17691
27746
51325
62273
2342
2593
3254
3737
4163
4460
5362
5878
6100
6873
1472
1469
1650
2041
1978
2104
2367
2027
2406
2708
2819
2981
3034
3133
3093
3455
3805
3989
3627
3797
3673
4091
3967
4780
4550
4692
4344
4935
4996
5220
375
308
330
334
306
355
404
382
475
333
526
351
520
273
477
556
504
583
611
746
738
524
609
519
746
475
667
823
791
608
573
733
765
650
956
725
531
973
771
689
910
1110
1094
786
924
957
760
797
778
1050
1045
815
760
845
712
802
826
1235
690
574
1502
1378
1134
1232
1566
1195
1364
1241
1258
1758
1310
1741
1256
1376
1226
1107
2101
1402
1515
1373
1437
1278
2018
1351
1274
1850
1713
942
1003
1341
1640
1765
1394
1670
1435
1729
1608
1818
1843
1964
1612
1842
2290
1637
2178
1849
2597
2466
2039
1875
1398
1382
1247
1895
1728
2571
2834
2047
2132
1909
1968
2198
2060
3204
2764
1611
2828
2530
2970
2327
3066
1939
2629
2905
1967
2429
2070
1815
2701
2688
3084
1865
2891
3279
2291
2585
2618
3562
3466
2773
1888
2695
2707
3227
2787
2414
3113
2306
2176
3800
2937
3116
1802
2368
3613
3393
3098
4118
3078
3736
4257
2891
2722
4406
2577
3250
4184
3658
3330
3335
3918
2670
3653
3144
2958
3723
4249
4108
1104
3979
2389
3525
3323
3577
2828
3399
3795
4354
4062
2747
198
0
795
199
201
0
0
418
0
202
843
426
434
218
208
0
0
453
221
231
658
477
446
665
241
937
228
710
0
708
483
0
238
249
0
485
0
0
253
252
252
250
1046
261
262
517
525
526
540
261
811
277
276
0
1125
823
0
280
0
283
296
290
287
280
0
0
603
587
300
0
0
620
936
305
611
0
314
953
313
326
975
943
664
329
975
659
0
328
990
673
2031
686
332
334
348
681
703
332
368
355
0
361
715
1070
351
0
1078
738
749
368
1110
0
374
0
1151
384
0
388
393
1566
1581
792
397
396
800
1190
0
408
846
0
419
817
0
0
423
418
407
0
851
0
414
0
0
1777
0
882
440
468
879
1356
0
0
0
0
905
0
1903
447
461
939
943
464
954
475
959
0
974
967
1988
0
500
0
1973
0
996
0
508
502
485
1568
1055
1015
504
1098
517
1588
0
0
1604
1583
547
0
0
1058
0
542
0
556
554
551
576
2234
1072
1677
0
0
583
1167
0
2305
0
0
2348
614
593
591
1183
583
0
0
580
1211
0
2440
1795
607
640
0
0
0
618
0
1275
0
640
0
646
639
1284
645
0
643
0
659
662
641
0
664
0
669
1339
678
0
0
0
1388
0
2813
0
1411
703
0
1474
717
2938
711
1433
0
0
720
0
0
1434
0
1541
0
0
1505
2232
747
0
1517
759
1490
1524
1520
782
782
0
1593
781
2333
0
1563
789
0
0
0
801
784
796
0
0
0
0
828
1623
820
824
1652
829
2503
824
828
3350
854
832
0
0
836
2606
1706
886
857
840
945
962
865
1779
1786
887
0
911
0
893
0
0
0
1814
0
890
921
946
918
0
914
0
2799
0
937
0
0
961
949
0
0
952
0
2900
2866
2882
1952
980
2975
1985
1982
993
1967
1006
0
1008
0
0
3043
0
2039
2062
1038
1036
2080
1002
0
1048
1061
0
2053
1046
2113
1159
4261
2154
0
0
0
1078
0
0
0
2148
0
1092
3313
3323
1092
1104
0
2255
0
3367
3376
2206
0
0
1141
0
0
1149
3460
1151
1192
0
1179
1178
0
1175
0
0
1205
3567
2396
0
0
0
0
1193
2376
1243
0
1225
2467
0
2451
1228
1232
1235
0
0
1250
3753
0
0
2512
3842
0
0
0
2518
0
1261
1285
1326
1253
0
0
0
1310
1322
2606
2650
2631
2645
0
2666
0
1348
0
2701
2704
1354
1367
1370
1351
1387
1355
1372
0
0
0
1390
4262
0
1402
0
1434
2725
1404
0
1424
1421
1412
1429
0
1530
1398
1447
1484
1451
0
1502
0
1459
1485
1433
2997
2959
0
1492
1508
1487
0
0
0
0
3033
1556
1517
1520
0
3064
4624
3100
1502
1579
1573
0
1569
1600
0
1562
1554
3179
3119
0
3192
1590
1608
0
3148
1600
1574
0
0
6458
1633
1642
0
1628
3313
1652
0
0
0
1681
3298
3280
0
0
1659
3288
0
5120
3397
0
1732
1698
0
5118
0
8657
0
1728
0
0
1745
5253
1778
1777
3514
0
1813
1794
0
1786
0
0
3674
5568
3686
0
0
3636
0
0
3722
1864
3713
1893
0
0
0
0
7436
1878
0
0
1871
1916
0
1828
1872
0
0
0
0
1920
1940
3867
1913
0
0
1939
3897
0
0
1886
0
0
9869
3933
1970
0
1931
3951
0
1974
0
0
0
2022
0
0
0
1973
0
0
4139
4597
0
0
6162
8241
0
4127
0
0
0
4184
0
0
2124
0
2132
2123
0
4268
0
0
4318
2179
2163
2166
0
4339
0
2212
0
2205
0
0
2172
0
0
2205
0
4473
2223
2246
2279
2227
2188
0
2286
0
0
4498
2283
0
0
2254
0
2302
6891
0
2312
4726
4673
2368
2346
4585
0
0
2376
0
0
0
4711
0
0
0
2407
0
2423
4851
4876
2359
2386
0
0
0
2455
0
0
2466
2553
2461
0
0
0
0
5077
2500
0
0
0
0
0
0
0
0
0
0
0
0
0
0
0
0
0
0
0
0
0
0
0
0
0
0
0
0
0
0
0
0
0
0
0
0
0
0
0
0
0
0
0
0
0
0
0
0
0
0
0
0
0
0
0
0
0
0
0
0
0
0
0
0
0
0
0
0
0
0
0
0
0
0
0
0
0
0
0
0
0
0
0
0
0
0
0
0
0
0
0
0
0
0
0
0
0
0
0
0
0
0
0
0
0
0
0
0
0
0
0
0
0
0
0
0
0
0
0
0
0
0
0
0
0
0
0
0
0
0
0
0
0
0
0
0
0
0
0
0
0
0
0
0
0
0
0
0
0
0
0
0
0
0
0
0
0
0
0
0
0
0
0
0
0
0
0
0
0
0
0
0
0
0
0
0
0
0
0
0
0
0
0
0
0
0
0
0
0
0
0
0
0
0
0
0
0
0
0
0
0
0
0
0
0
0
0
0
0
0
0
0
0
0
0
0
0
0
0
0
0
0
0
0
0
0
0
0
0
0
0
0
0
0
0
0
0
0
0
0
0
0
0
0
0
0
0
0
0
0
0
0
0
0
0
0
0
0
0
0
0
0
0
0
0
0
0
0
0
0
0
0
0
0
0
0
0
0
0
0
0
0
0
0
0
0
0
0
0
0
0
0
0
0
0
0
0
0
0
0
0
0
0
0
0
0
0
0
0
0
0
0
0
0
0
0
0
0
0
0
0
0
0
0
0
0
0
0
0
0
0
0
0
0
0
0
0
0
0
0
0
0
0
0
0
0
0
0
0
0
0
0
0
0
0
0
0
0
0
0
0
0
0
0
0
0
0
0
0
0
0
0
0
0
0
0
0
0
0
0
0
0
0
0
0
0
0
0
0
0
0
0
0
0
0
0
0
0
0
0
0
0
0
0
0
0
0
0
0
0
0
0
0
0
0
0
0
0
0
0
0
0
0
0
0
0
0
0
0
0
0
0
0
0
0
0
0
0
0
0
0
0
0
0
0
0
0
0
0
0
0
0
0
0
0
0
0
0
0
0
0
0
0
0
0
0
0
0
0
0
0
0
0
0
0
0
0
0
0
0
0
0
0
0
0
0
0
0
0
0
0
0
0
0
0
0
0
0
0
0
