0
0
0
0
0
0
0
0
0
0
0
0
0
0
0
0
0
0
0
0
0
0
0
0
0
0
0
0
0
0
0
0
0
0
0
0
0
0
0
0
0
0
0
0
34
0
0
0
0
33
0
0
72
37
114
37
0
43
37
80
0
42
85
0
143
90
144
90
43
99
95
153
259
100
320
109
378
105
510
57
172
454
172
348
238
242
119
67
123
120
67
66
128
319
277
133
63
68
132
0
152
503
216
290
223
143
377
0
230
150
309
312
157
161
392
425
261
166
496
253
415
101
257
337
277
666
266
186
539
273
478
470
371
471
579
485
691
291
592
300
625
700
595
611
293
539
313
213
303
328
670
210
778
222
545
113
573
332
784
576
616
0
233
239
580
830
827
480
488
129
608
372
997
1129
517
756
1005
890
770
509
638
1446
920
1467
780
795
404
818
944
1375
817
1236
1259
551
1592
1125
1529
1998
851
1463
1641
593
1919
1039
1643
1958
1942
1659
1050
2060
1972
1412
1534
1759
2537
2901
2212
1874
3520
2897
2756
2790
3449
2972
2518
1478
3205
2321
1542
2866
2692
3595
3907
5380
3897
3803
2261
2997
2656
3801
3835
2190
2672
3078
4768
4767
5135
3464
3536
3046
4845
2791
3445
3024
3839
3840
2717
3500
4267
3108
4999
3856
5090
5932
4406
3603
3616
3396
4488
2433
3707
4065
5115
5547
4150
3949
5658
4915
2955
5497
2965
5090
3597
5187
3020
4769
5233
5243
5558
5029
3498
4796
7800
8303
4241
4496
6076
5922
3879
3395
4662
4621
7365
7541
5185
5163
5431
7976
4510
6688
7234
5783
5264
7500
9303
5154
5674
5912
7845
5923
7961
7725
8492
7794
9125
6325
9108
9468
9233
7773
11324
9478
6950
9545
6728
9922
10590
8693
11366
7189
11992
8063
12312
8140
9503
8982
8759
10411
11448
8787
7184
10634
9747
9624
12962
11246
12476
13159
12226
11415
14249
9192
13378
11209
14346
11866
13967
11087
10350
15255
14288
16701
11455
8987
14043
14397
13003
17152
14557
16808
14617
10090
14879
13489
14741
10597
14390
16108
14060
18170
13772
15443
13409
12173
13046
15359
12598
9361
15617
13838
14901
13785
19323
14699
17675
17325
15258
15244
18315
15565
18841
17138
15974
20627
16221
18686
18370
13001
18258
16979
14083
18440
17856
18950
21310
22252
25331
18282
22060
14972
18710
23998
22589
24056
28400
24936
25724
20432
23831
20313
28267
28849
24336
25578
25858
26250
25422
28347
30389
29145
31381
29622
35079
30208
35493
33333
38073
36848
34825
32172
33350
35098
35448
36558
40027
30860
35850
31680
28200
33363
36833
33982
39783
29854
30199
34403
28833
33031
30995
31614
26880
33867
30294
33456
33243
31674
30723
27930
35476
30607
26010
27439
32330
28960
28198
27393
35052
28353
25608
27494
29784
25246
26908
18808
18389
22701
19783
22668
19611
27033
20711
24830
25818
24218
23680
22136
22149
20805
20793
21370
24863
17368
19575
24698
18784
19387
20663
19862
22653
15840
24093
22288
17838
24174
24941
25723
26468
21159
23776
17578
29249
25579
23020
24066
17840
22623
23996
24719
14522
17048
17203
15478
16561
18772
16739
23251
19785
22106
17372
20303
17380
16462
16825
19110
15625
16155
16133
16227
16253
15802
19315
17924
20009
15441
13996
16937
13975
17063
16125
14560
14554
17198
17363
16107
13223
12632
10058
16430
13326
13446
14882
14912
13462
13410
13972
16634
15757
14530
12382
14584
13000
14233
11883
15271
14837
12691
7704
12154
14302
13987
14478
13840
11115
17957
12869
14019
8293
13986
6744
11306
12621
13106
12489
17018
7445
15515
14325
13258
9277
12191
13132
13951
12798
8160
11089
9953
15308
12313
15384
11892
11853
8271
12441
13131
11489
10061
11934
8373
11458
13205
10980
7711
11577
8517
16421
13995
6773
11057
11104
12230
10455
9340
11719
6170
14324
7489
11766
9976
10688
10772
6975
10024
10151
8135
9066
8337
8335
10832
12820
7783
8323
12780
8921
11501
17561
11595
10266
7758
12398
11826
11107
12419
11075
11878
11903
7275
8538
11152
10041
7882
9227
6007
11524
8090
9446
11511
6734
7453
9367
10038
10301
12991
8141
8796
9620
8068
10282
8956
13848
12343
6886
13720
6987
9798
14048
6312
9312
9818
4272
9856
7697
7725
9930
9920
9263
12126
7192
11382
9963
8696
8680
10009
6492
8575
9506
10187
6485
10909
8819
13044
8756
10238
7286
7354
8910
10188
9631
10527
5935
7367
4555
5935
10326
6001
8908
12747
11253
9762
4562
10581
6096
9129
9816
9898
10618
11364
7698
9985
9254
9971
7764
9185
4563
5389
7088
10095
10058
8576
9408
8595
3902
8720
9563
8747
7141
5593
8647
3996
7211
8031
8753
12846
4840
9457
11304
4110
8996
8124
7991
4730
7195
3257
6556
3251
5714
9954
4023
6552
7342
9099
5854
7362
5797
4167
5020
5814
5083
9213
4128
5030
3407
6723
5947
2536
7514
6752
4187
7765
3432
5155
2510
4280
6027
5063
9519
10391
1744
4313
12086
5199
6214
4368
4392
5237
7845
6147
6975
2667
7969
5240
7162
6272
1774
5277
8840
3490
6999
6155
4450
3565
1832
4480
6401
1786
4426
8206
7285
10858
1845
9051
9110
5512
10949
5502
3642
3659
9314
3697
11944
1867
5509
3690
8310
2786
6471
8428
3890
6555
11147
4659
1849
9376
11142
8389
4696
6752
4695
9588
2860
3748
5711
7702
8523
2964
4832
9617
4767
7677
9653
5900
5862
6708
11613
8805
5900
12805
6805
11896
10771
9816
3939
6869
5969
5891
4990
8004
6932
6007
5899
8989
6832
6059
8030
4014
6021
8079
4958
7063
5950
3041
3103
7106
9171
1057
2008
3104
5136
8271
7181
1033
3029
2033
4136
4093
3134
4169
1041
4216
6189
7242
7345
5233
2062
4188
1106
6340
4241
3180
2130
5331
2079
8507
6378
5325
2118
3175
3206
3205
6451
6371
2154
3208
4361
3187
3189
2131
4379
4415
2189
1083
6522
6615
3263
2219
2219
5482
5388
3250
3366
4414
0
1089
7798
5629
4403
1100
1080
7834
3329
4383
2255
3366
1121
2246
6697
2262
2253
4513
9103
4544
2262
1150
1167
3375
3447
2295
5800
6868
6919
6820
5855
1166
6917
3527
4622
2306
3400
2300
4749
2296
3499
1149
2318
1191
4627
2358
1173
1175
4716
0
3535
1204
2330
3526
1220
2380
2375
8491
1212
1243
1173
8422
2373
2415
2341
0
0
0
0
3564
5992
1192
3601
2373
1217
0
1257
4803
3661
0
2476
0
0
2524
2518
3725
0
1237
0
1239
3816
2518
2459
0
2467
0
0
1269
1252
2568
2589
1234
4988
3803
2511
1280
2518
1249
1301
0
2465
1218
3916
1274
3828
2535
1304
2601
2591
3811
1289
0
5147
1264
2543
0
0
0
0
1328
1341
3978
1309
3854
1284
1355
0
3897
1307
1317
3944
0
1320
4114
1335
1377
2717
0
0
0
1399
0
2714
1382
2722
1355
0
1371
0
4069
0
5526
4022
1361
1319
1326
1392
0
1432
1363
1367
2798
0
2709
2687
2789
0
1424
0
0
1366
0
0
0
1379
5782
0
0
0
1441
4303
0
0
2838
0
0
0
0
1386
1412
2948
0
0
1512
0
1439
0
1424
1478
1452
2898
0
2879
0
0
2939
1474
0
0
2900
1474
0
0
1492
0
0
4315
0
0
1509
0
1527
3041
1471
1470
0
0
0
1465
0
1505
0
0
1455
1513
4645
1466
2964
4533
0
1514
0
1478
1480
0
0
3100
0
0
1523
0
0
1540
1540
1590
1536
3124
0
0
0
0
0
1524
3042
0
1530
1539
4674
0
0
4721
4790
3149
1611
0
0
1579
0
4860
3237
0
0
1539
0
0
4834
3234
1560
0
3171
0
0
0
1565
0
0
0
0
0
0
1603
0
0
0
1613
0
1614
0
1636
0
0
0
0
1633
0
0
0
0
0
0
0
0
0
0
0
0
0
0
0
0
0
0
0
0
0
1677
0
0
0
0
0
0
0
0
0
0
0
1682
0
1663
0
1708
0
0
3365
0
0
0
0
0
0
0
0
0
0
0
0
0
0
0
0
1747
0
0
0
0
0
3470
0
0
0
0
0
0
0
0
0
0
1734
0
0
0
0
0
0
0
0
0
0
0
0
0
0
0
0
0
0
0
0
0
0
0
0
0
0
0
0
1830
0
0
0
0
0
0
0
0
0
0
0
0
0
0
0
0
0
0
0
0
0
0
0
0
0
0
0
0
0
0
0
0
0
0
0
0
0
0
0
0
0
0
0
0
0
0
0
0
0
0
0
0
0
0
0
0
0
0
0
0
0
0
0
