0
0
0
0
0
0
0
0
0
0
0
0
0
0
0
0
0
0
0
0
0
0
0
0
0
0
0
0
0
0
0
0
0
0
0
0
0
0
0
0
0
0
0
0
0
0
0
0
0
0
0
36
0
34
0
0
38
43
85
0
0
0
134
46
47
45
193
95
93
245
150
150
217
104
159
53
153
168
171
113
279
353
409
228
240
249
122
191
64
262
246
133
133
277
345
203
66
140
138
203
292
0
0
214
226
376
313
159
153
309
669
273
406
578
161
166
0
339
425
249
84
523
528
262
182
358
92
546
371
272
287
867
380
784
379
567
696
299
498
409
606
616
929
211
302
747
641
312
320
653
216
114
676
342
344
463
0
923
694
237
593
474
737
604
726
492
765
371
247
497
375
1001
378
924
989
635
531
1173
424
934
1071
1858
707
542
1087
1232
274
832
832
1261
967
1148
852
990
1871
1580
1034
1320
1646
1468
1232
911
2417
1827
1526
2605
1093
1427
1709
1411
2489
2025
2567
1891
2727
2400
3424
2455
2613
2920
2858
3015
2194
1696
2660
2523
3419
1716
2408
3457
4380
2605
3158
2284
3716
2683
2642
3578
4868
4571
2598
3295
4440
2771
3367
3376
2989
3379
3802
3411
3597
3446
2465
3422
4439
3683
5340
3589
4331
2358
4216
5446
3857
3045
6288
4925
4331
4081
2934
5809
3751
2078
3601
4246
4615
5116
5309
4298
6042
5840
3912
5521
5419
3969
5560
4909
3254
3802
4895
4101
5405
4371
5294
5271
7242
7178
5058
7190
5905
4411
4965
3531
4751
6408
5030
5284
7564
7520
4832
8508
7684
3890
6470
7425
6261
8913
8404
6823
7308
8809
7566
7396
8683
6399
8517
6483
12918
8568
6491
6556
9947
6885
7955
10392
9425
7829
13093
9754
6226
8444
9301
11490
7969
11048
11106
11892
6101
10951
8912
8458
11821
9099
12546
9415
13187
10068
8667
9770
8959
13141
13434
13551
13180
10397
13066
11903
11062
13255
9297
18772
16060
11494
13139
11667
18927
13809
13329
12481
13457
17393
14138
16095
15702
21174
15459
12063
16904
14728
17899
14442
13526
19810
17032
18588
12487
18502
19181
11540
14523
16296
21906
15015
12354
11813
14540
15560
12891
17080
14334
20578
16742
15452
20598
15606
18541
15980
11800
15200
13374
16880
22305
15989
13824
20972
27466
17549
20234
19183
19905
20255
23263
22303
17535
26073
22516
20584
28182
22588
26804
23132
20649
28545
27522
29161
29380
28069
27954
26809
33238
29545
31928
34897
30108
27057
36883
36101
33573
28304
32598
35424
36855
30273
42701
39165
38249
41981
42469
33613
40429
35424
34372
35316
30065
37527
34997
40294
33019
24874
32954
40509
36481
33465
36064
38208
30601
36952
26986
32590
25882
28048
26894
27696
27022
29918
23555
29731
25966
33341
25630
26563
25492
26690
23249
28194
17600
18049
23137
25301
22249
24527
24462
21059
26461
18805
20726
20339
24195
21866
19178
19703
18325
18038
19931
23682
18559
26959
24759
24694
19750
19174
22587
21127
23202
20818
19477
22343
23316
20178
22382
24077
24046
21147
17470
17977
16062
20498
15179
19704
25000
21759
27549
22150
15337
16325
19318
20396
17482
18026
23746
26200
20595
21369
19710
17120
21388
19419
13751
17297
16011
20513
11757
15526
13527
14418
11913
21475
13521
14623
16214
14213
14172
16902
16344
16151
12816
14973
12305
11204
14476
15577
14033
11853
13000
18947
17889
15782
16879
14196
15354
16518
14427
15411
14908
13845
17288
16624
14567
10589
14552
11194
11814
11372
11332
17008
16926
13054
15986
11284
13779
12761
12572
12109
9865
12151
10953
12148
17338
12264
11656
17638
9341
14676
14124
11117
9508
16432
11313
9511
10118
19735
13704
13168
11424
9649
7883
5500
7286
9115
12114
10284
9229
10473
9176
9273
15990
10539
8669
9900
8672
13184
9278
13209
12051
11891
10646
10108
10091
16470
17157
10158
12787
7562
10806
14635
9063
8928
8317
8390
9039
7717
5913
13047
15006
7179
9137
11064
9143
7841
5290
8500
11205
7928
7909
8005
9989
9995
11300
10692
9345
12798
9460
5388
8098
11443
15032
10948
10829
5389
5441
11643
9693
8930
11685
13116
8978
5550
12475
8371
7653
6993
4194
12005
6308
9144
9869
7767
8459
7783
10682
9960
7753
10043
5656
4336
9983
7919
13659
10802
14462
11630
4433
9385
8685
8100
7321
8824
8823
10268
10281
7291
12714
12632
12649
8922
13389
13527
6030
11178
11205
13600
10535
6021
9757
12088
8289
11357
11516
6822
10705
11436
13717
7634
12292
10133
8447
10026
10728
8564
8578
4755
9343
9320
12454
6362
8636
8675
5608
2349
4723
4701
7095
9500
5516
11973
10474
10296
2375
3997
7906
4816
7240
16237
4159
7290
8892
1597
4108
10598
5761
8212
4880
9018
4084
2533
3270
4175
11561
5817
5773
9999
5863
3351
7533
2518
5844
8465
5127
7551
5044
8480
8446
10353
4287
5891
1721
5089
8539
5163
6053
3401
5194
6068
5294
12967
847
4303
4305
2597
5186
2649
2648
4394
4405
8765
5318
9791
7915
3556
11622
4478
7181
3560
7236
7986
3549
3545
7240
7188
5504
6427
7306
10875
6312
1847
1844
2749
5422
8246
7402
8172
6381
5452
12907
8272
7362
7463
7415
1889
6430
8399
5589
6487
7581
3720
4670
8446
13283
4708
7524
10391
7444
3839
5683
6714
2888
4736
5759
9540
15379
10670
5781
3826
5791
9642
3953
6927
3823
4821
6761
9875
2929
6896
6882
7825
5941
5849
6896
5987
5964
2994
4997
3979
3006
7071
8904
8989
5000
7011
6992
2984
7070
6994
9996
5051
7021
3034
3058
6039
4014
6147
7144
7136
3077
3122
4138
0
4065
3138
5159
7249
2074
8317
6329
5252
6251
2164
2087
3173
5244
6274
2082
2095
7392
6342
5393
6256
2127
5278
1064
6392
3247
2156
3255
4255
5301
6440
1086
6382
4315
4306
3304
4298
4304
3220
6588
6511
7671
5408
7578
1116
5451
3288
5556
5494
0
3342
6704
6621
1111
3343
5594
4471
2197
5523
4451
3425
3336
3352
2276
2289
1143
6744
5638
4595
6804
2263
2252
3432
3468
7997
5637
0
2332
2317
2305
5769
2294
2372
6996
2284
3386
5834
4664
1196
1155
2281
6939
1174
2388
2348
1183
0
2337
1216
3542
1159
2354
3513
4800
8367
1180
2366
5963
3577
3646
2365
4850
3625
2425
2467
2406
0
1282
2416
6101
4882
3709
1212
1236
1218
2483
3771
3651
2533
2451
6162
1254
1236
1197
2508
1193
0
2474
1240
0
0
1296
2507
2462
0
1258
2507
0
0
1289
1300
0
2500
0
1252
3847
2517
0
3809
1272
0
3806
3814
3853
2569
1299
0
3918
1341
2577
1291
0
1278
1323
0
0
2666
2584
6545
2634
0
0
1300
2699
0
1356
2687
0
1344
1296
1327
2700
1354
2697
0
0
1369
2712
1362
1390
0
1347
1325
2714
1334
6938
0
2688
1337
1364
0
1346
0
1384
0
5508
0
1389
2837
1398
0
1385
1411
5423
1395
1392
1398
4224
2838
1398
2805
1400
1384
1369
0
1405
0
1454
1447
0
2789
0
0
0
1406
1411
1432
1410
0
1453
1452
1425
2892
0
1455
4329
1466
1408
0
0
1485
1460
5848
0
0
1530
0
1473
0
0
0
4382
0
0
1470
0
0
1496
1560
1553
3027
1471
1506
1476
1517
0
0
0
0
1496
0
3079
0
1583
1513
1552
0
0
1497
3051
0
0
3012
0
3125
3089
0
4664
0
0
3111
1567
3074
1520
0
1545
0
1542
3055
6303
1588
0
0
0
3126
0
0
0
0
0
0
1585
0
3179
0
1649
1638
1587
0
0
1590
1577
0
0
0
1631
0
0
1647
0
0
1614
0
0
0
1603
0
0
1635
0
1634
1596
1605
0
0
0
1691
0
0
1629
0
4932
0
0
0
0
0
0
4923
3382
0
1676
0
0
0
1741
0
0
0
1704
0
0
0
0
0
1644
0
0
0
0
0
0
0
0
0
0
0
1758
0
0
0
0
0
0
0
0
0
0
0
0
0
0
0
0
0
0
3660
0
0
0
0
0
0
0
1792
0
0
0
1737
0
0
0
0
0
0
0
0
0
0
0
0
0
0
0
0
1823
0
0
0
0
0
0
0
0
0
0
0
0
0
0
1875
0
0
0
0
0
1826
0
0
0
0
0
0
0
0
0
0
0
0
0
0
0
0
0
0
0
0
0
0
0
0
0
0
0
0
0
0
0
0
0
0
0
0
0
0
0
0
0
0
0
0
0
0
0
0
0
0
0
0
0
0
0
0
0
0
0
0
0
0
0
0
0
0
0
0
0
