1077618
1141545
1142417
1140891
1199566
621750
1009116
1211615
1141820
1141300
1141564
1140412
621641
1007819
1215701
1213754
1143451
1140073
1140104
621905
1008486
1208098
1143464
1142022
1142227
1141712
622077
1009432
1142100
1140374
1209854
1160147
1146964
623771
1081678
1145790
1145206
1147842
1148490
1190912
627494
1016272
1149893
1152423
1154406
1155035
1154009
636882
1025302
1157400
1157615
1160069
1226578
1162513
638112
1025555
1168382
1153876
1155719
1155072
1221656
632011
1018162
1151040
1148407
1148337
1152846
1188290
632269
1012498
1144847
1143867
1143784
1168813
1144082
622372
1009028
1146108
1142533
1142775
1144391
1141818
621781
1008711
1143961
1142383
1140478
1211544
1140402
622576
1009516
1146760
1140797
1156934
1146838
1151578
694712
1012216
1149366
1146037

