240798
240302
240368
240416
247939
240297
240057
132418
133592
132143
131910
133375
132264
132929
136979
132384
131698
132152
132062
133806
134108
132657
196617
132586
131788
131964
132432
131615
131555
131640
133747
182201
132086
132045
132196
131772
132202
132155
132013
132371
132111
133565
132182
132240
132262
132997
132168
132625
132088
132148
132200
132283
132313
132341
132084
131791
187412
131972
132460
131922
131868
132380
131819
131638
131937
131815
132253
135080
132244
131598
131764
131954
132002
172994
132312
131774
131622
131922
132143
131989
132204
133889
131821
131608
132327
132210
132310
132057
132380
131494
131679
186184
133163
134827
132757
138124
135164
133373
139577
135142

