13837927
13740630
13592039
13621532
13841044
11246738
11214479
13523345
13703735
13747405
13645656
13528136
11329753
11214282
13939710
13537972
13711625
13723456
13659239
11140425
11280210
13705105
13655044
13657657
13741615
14207357
11292467
11299321
13745882
13835485
13788615
13722848
13798594
11466354
11434732
13889617
13871989
14046713
14309202
13954098
11506850
11740691
14169728
14173899
14251336
14284382
14343037
12016801
11822656
14299495
14457056
14379887
14774689
14225902
12079833
11984731
14332479
14143156
14324465
14370998
14222594
11647520
11759008
14304873
14264483
14049733
14332745
14266566
11924537
11749523
14022611
14244885
14185519
14154959
13875194
11603204
11660579
14162512
14052663
13909016
14146651
14571211
11740147
11362719
14053899
14104984
14252095
13936990
13996712
11620222
11608681
14498362
13936366
14210828
14155441
14713132
11570107
11491785
14273852
14168776

