1072452
1142249
1146439
1144596
1145454
623621
1076185
1145258
1220903
1142772
1149123
1138311
628365
1028612
1139965
1138240
1139155
1203073
1141281
625682
1013970
1208676
1144174
1140893
1148112
1225307
627794
1012192
1162079
1161078
1207895
1200508
1184215
638468
1015527
1145447
1161204
1178649
1265625
1214208
648178
1021122
1167480
1213035
1333827
1213701
1181751
637268
1030189
1212546
1162048
1210973
1280228
1160286
658862
1030701
1168685
1177615
1156113
1208018
1260788
632437
1022919
1160746
1152604
1211109
1175312
1219114
705759
1022033
1145636
1144392
1144811
1144818
1152608
627454
1013649
1215309
1157017
1143756
1145466
1153615
659156
1031563
1154842
1145976
1157932
1180887
1155460
622700
1030298
1213010
1140789
1147222
1143584
1140955
624324
1107036
1142555
1146178

