244603
243869
245135
245079
244706
244179
242317
134299
141433
134998
136512
134811
134993
137646
133336
134628
135175
140554
135346
134906
193743
136454
172064
134366
195442
137279
136026
134322
134095
135948
135844
134265
137790
134243
133655
133677
135129
136343
136713
135470
134550
134207
134183
134899
135922
136999
134794
134754
133931
140383
134558
134476
138330
135621
134325
135368
134274
135994
134396
134943
136321
134145
133576
186906
133989
137920
164338
134101
136414
133543
133818
133976
134192
193527
134044
135864
132609
133424
134754
134663
156094
134367
135470
136036
133973
134313
134922
198173
137330
134085
133320
136132
137644
134649
136141
134826
195691
139379
199218
136692

