33740574
33914076
33959425
33661430
33938790
29207238
28967183
33821329
33798443
33950574
33728957
33943976
28949439
29252990
33825951
33839923
33958346
33717133
33948014
28907845
29287624
33814838
33938421
33986522
33780544
34006779
29234901
28956496
33640533
33671890
33671386
33547450
33700348
29113781
28804973
33519045
33651040
33598981
33629550
33716444
28688800
28945336
34081312
33850336
33669815
33826210
33741351
28959038
29187474
33850871
33866536
33814268
33978166
33703977
29145908
28810343
34282350
33766810
34063840
33831362
34057733
28950064
29209545
34143352
34151196
34037177
34018592
34151042
28958379
29316654
34360029
34226848
33986235
34296411
34079736
29356484
29078596
34372267
34460735
34306810
34233251
34156653
29395770
29081002
34555717
34068478
34323860
34064554
34367914
29099625
29766469
34027443
34326257
34084798
34719895
34913586
30424177
29143657
34314960
34157893

