34981721
35218907
35265183
35014088
35244128
30032421
30150523
35022868
35001464
35152738
34933191
35145830
29667163
30334181
35117933
35042546
35162351
34918686
35196355
29625013
30417549
35020314
35140321
35189914
34983102
35209570
29952906
30039871
34843116
34920065
34875341
34796592
34903871
29832265
29888106
34757366
34856915
34805710
34837285
34925198
29411554
30033273
35292314
35062398
34883847
35041455
34957398
29687441
30280905
35113821
35086980
35038995
35199840
34972282
29876011
29904967
35505342
35012716
35280327
35046302
35316980
29676129
30298582
35355341
35499351
35247757
35226430
35358428
29678650
30402107
35611687
35432276
35190929
35502195
35283132
30075178
30162199
35576773
35665093
35551165
35438269
35408613
30113039
30208583
35758990
35322844
35526772
35268356
35573026
29821491
30930509
35231282
35533576
35286196
35924923
36240415
31142680
30225573
35515937
35363917

