1516590
1604628
1638327
1608213
1738182
1452703
1614676
1737493
1725189
1735889
1722057
1727244
1448579
1606809
1730883
1721441
1726561
1730176
1721089
1443799
1626077
1725705
1753265
1723903
1718352
1727545
1445330
1614133
1716976
1718414
1720029
1739874
1726217
1463312
1613786
1720947
1734456
1724950
1724911
1725996
1448880
1614955
1721819
1734663
1717463
1736924
1719574
1452582
1621461
1720528
1725154
1725565
1721660
1721565
1450575
1612167
1723944
1746034
1730062
1723835
1762184
1462138
1608211
1735047
1720061
1733773
1713520
1756655
1454247
1614441
1781762
1749557
1732867
1718647
1730523
1444203
1615038
1723740
1785652
1734562
1727671
1729270
1448562
1620323
1732033
1729297
1720398
1720181
1731234
1449917
1605301
1727695
1726587
1724554
1726092
1729877
1461985
1623094
1717893
1735705

