235589
237087
235098
236574
234359
264982
233247
130651
130583
131773
130408
130923
133487
131096
130507
131776
130689
131710
130887
130953
130607
130943
130324
130749
130053
130630
131226
130402
130297
130410
130685
130937
130492
133472
130461
131215
131204
131867
130948
131297
131072
131068
131335
132195
131614
132775
131387
131913
131789
131097
132010
131343
131651
131212
130731
131114
130897
131125
130866
131107
132161
131358
130530
130256
130348
130439
130558
129937
130397
129887
130581
130481
130270
130147
130333
129917
130157
130179
131289
130759
130476
130085
129965
130216
131993
130482
130432
129924
130510
133442
130158
130704
131474
130108
130381
132911
130983
130127
132338
134723

