201452614
202514035
203313300
201693626
202231577
188289734
188004678
201122365
201486823
201639095
203690125
201452943
187214187
187485634
201591267
201802563
201838569
202409431
201594123
186818573
187124178
202893064
201640872
201970704
201436193
202572783
187057357
186988758
200722664
202141072
202446356
201702033
203237617
186912629
186578404
200604088
200938014
200369724
200655898
201158004
185182019
185323650
199857139
199969958
199417447
199005422
199027220
184869559
185323735
198486352
198244396
198305398
198019204
197723176
184098926
183903041
198592293
197405826
197725569
198051909
199003897
185548302
185660918
199736818
200035390
200016298
200221351
200278213
186720028
186646566
200872574
201407555
201346155
201448423
201394222
187520710
187496928
201774729
202343665
202058754
202465608
202400750
187546470
188046180
202200450
201826991
201983957
202169402
201964323
187682154
187828836
201912997
201783523
202087459
202902762
201988529
187762946
188184146
202319529
202163832

