203204821
204355863
205186760
203538459
204204146
190007440
189852621
202990531
203342615
203506785
205542620
203311130
188796273
189223557
203452679
203655805
203695843
204271340
203446120
188393343
188880878
204749737
203524485
203825384
203284638
204430979
188633938
188733315
202569958
203989915
204297103
203572873
205094345
188509435
188322673
202456273
202803700
202226558
202511777
203015329
186761993
187069705
201710342
201836848
201266548
200875165
200878209
186454086
187077075
200338032
200101620
200162360
199872562
199576011
185680265
185646361
200447160
199283006
199586514
199906901
200898299
187141839
187399709
201602166
201885847
201880564
202065477
202164844
188304749
188390948
202784977
203287623
203209433
203297277
203255127
189094891
189242212
203628716
204260670
203924104
204323822
204260154
189125042
189796773
204064542
203686866
203834838
204019557
203826121
189265591
189564365
203771478
203641636
203942192
204759420
203851411
189356022
189937395
204169864
204034340

