1273770
1372787
1293954
1321727
1374299
744368
1207387
1423481
1382098
1356722
1353237
1369129
754253
1216679
1384048
1404418
1429697
1337670
1384847
757958
1196617
1360766
1366681
1374199
1356743
1346476
746704
1180768
1293857
1322709
1416147
1446526
1443868
740954
1205151
1427320
1371167
1383249
1407632
1362861
747599
1223354
1360997
1352874
1368919
1346621
1377539
757979
1156859
1308969
1311323
1375092
1386742
1341490
752979
1220730
1371218
1374544
1367844
1378479
1386342
822359
1193691
1373728
1382149
1445942
1401564
1366866
759568
1228831
1416438
1308184
1312006
1446033
1379809
763094
1268428
1376185
1349633
1422146
1475952
1484042
816561
1160252
1273920
1280287
1261263
1270622
1267149
703449
1134248
1277496
1334577
1278722
1268614
1276239
698498
1150513
1275034
1277861

