341438
336332
243534
259829
255639
290266
291516
166182
158047
156133
173088
161484
170312
162911
171552
170001
173199
171005
216693
161674
216988
160505
163271
223377
156183
162496
159966
136925
134538
151773
169074
175210
169904
156872
161592
164689
165569
162998
154636
159394
160749
215737
149009
154189
219511
163079
167456
163129
128835
152440
154036
164931
207288
160475
162398
162340
167416
156994
215124
162280
164229
159789
159087
160817
160577
166160
148115
159881
159996
166217
177903
131552
140152
160881
164212
139211
160155
161726
160471
164613
169921
170064
169724
143360
140884
190795
122898
135014
133071
142609
140821
141794
141405
140738
140046
193059
140976
143474
141814
141890

