2489955
856938
893135
922075
996256
818093
818493
936805
1035533
992723
1012492
1018575
888917
867781
1006947
1145870
1033922
1042024
1049756
834220
773578
1053123
1056905
1062667
1053371
1055617
883734
726688
985701
995302
1226613
1219820
1020215
949956
912671
1134137
1216647
1163264
1097540
1237279
962075
978845
1225933
1209670
1236834
1248645
1268054
1089654
898493
1278404
1251437
1404734
1332668
1411716
1106021
1197136
1435337
1403174
1388945
1500683
1469142
1214127
1179861
1495760
1563977
1603555
1462082
1457232
1263994
1200410
1289115
1360280
1363118
1470972
1534153
1081373
1157930
1483851
1422749
1412496
1532394
1462375
1221209
1048760
1206261
1193957
937290
1069134
1124096
939791
992248
1137920
1129667
1136473
1111374
1105657
897713
886574
1085593
1137974

