4105213
2566088
2430648
2503660
2626222
1852752
2317424
2526490
2575702
2505597
2538845
2549209
1813508
2247395
2562568
2720313
2636840
2550735
2651318
1753877
2187206
2574415
2586879
2660263
2566318
2564610
1790425
2044402
2414119
2469806
2811860
2841578
2634008
1847802
2279442
2726172
2753409
2709532
2659829
2759555
1870450
2417969
2735958
2716752
2825282
2758365
2813074
2010784
2184209
2739835
2716828
2944779
2926745
2913705
2021421
2580231
2973990
2934734
2971934
3041464
3019736
2196307
2532665
3030327
3106746
3215677
3011781
2984000
2183583
2595491
2883479
2800035
2815298
3077908
3078191
1983701
2586535
3021781
2932877
2999278
3178288
3116505
2207525
2352396
2621085
2665065
2321472
2474788
2524341
1785872
2267337
2557230
2605666
2555950
2520052
2574974
1737208
2180592
2502462
2557746

