0
0
0
0
0
0
0
0
0
0
0
0
0
0
0
0
0
0
0
0
0
0
0
0
0
0
0
0
0
0
0
0
0
0
0
0
0
0
0
0
0
0
0
0
16
0
0
0
0
20
0
0
42
21
64
22
0
26
23
53
0
26
55
0
89
58
97
68
33
68
68
103
177
71
224
76
273
82
363
43
125
345
149
265
182
188
98
56
98
115
52
50
104
273
221
114
56
58
116
0
122
440
189
259
197
132
344
0
208
139
290
286
146
151
380
396
232
163
477
252
409
102
263
348
265
670
271
182
561
296
470
497
390
503
612
516
725
311
635
321
656
760
668
682
352
590
350
233
353
359
875
266
1006
290
724
156
775
429
1043
782
807
0
311
313
729
1116
1096
664
644
162
819
478
1298
1462
690
997
1325
1127
1004
715
900
1966
1301
1920
1033
1031
542
1060
1211
1788
1092
1635
1633
726
2087
1468
1985
2573
1105
1943
2072
759
2477
1340
2162
2536
2753
2173
1379
2596
2644
1814
2012
2246
3257
3716
2898
2370
4568
3715
3534
3582
4468
3818
3315
1897
4104
3002
1963
3680
3431
4585
4977
6851
4982
4921
2844
3853
3379
4817
4877
2843
3436
3901
6102
6109
6492
4456
4497
3804
6154
3550
4320
3817
4859
4869
3371
4500
5479
3981
6358
4899
6363
7397
5802
4530
4557
4278
5584
3001
4638
5092
6461
7006
5204
4959
7094
6048
3656
6978
3731
6383
4539
6490
3789
5883
6436
6429
6880
6255
4390
5951
9759
10215
5299
5583
7433
7348
4812
4209
5584
5647
9114
9179
6418
6478
6648
9726
5540
8182
8809
7055
6401
9229
11483
6202
6921
7308
9518
7269
9719
9326
10381
9526
10997
7747
11052
11538
11240
9504
13781
11494
8498
11566
8111
12162
12675
10484
13652
8746
14634
9736
14911
9725
11514
10751
10535
12558
13826
10639
8672
12786
11738
11464
15487
13425
14995
15902
14832
13697
17033
10909
15994
13373
17196
14203
16822
13313
12499
18210
16885
19728
13704
10661
16783
16935
15378
20371
17327
20060
17160
12194
17655
15851
17660
12527
17149
19110
16816
21461
16254
18377
15881
14453
15477
18018
14799
10926
18545
16342
17440
16073
22435
17499
20676
20482
18008
17857
21324
18305
22034
20001
18642
24271
18997
22117
21444
15273
21307
19712
16504
21466
20704
22041
24747
25710
29363
21106
25771
17124
21851
27657
25868
28091
32980
28850
29857
25504
27224
23373
32570
33375
27935
29479
29849
30325
29362
32995
35174
33269
36087
33886
40601
34620
40580
37992
43547
41946
39785
36901
37880
40153
40576
41443
45440
35501
41031
35875
32301
37511
41765
38618
45065
33817
34317
39038
32612
37363
35107
35637
30328
38230
33888
37655
37522
35970
34627
31525
40030
34487
29126
31015
36406
32433
31597
30590
39131
31740
28886
30961
33415
28199
30349
20926
20342
25402
21861
25448
21609
30087
23029
27401
28925
27009
26524
24373
24638
23375
22911
23719
27604
19344
21740
24884
20896
21511
22868
22132
25257
17686
27024
24680
19499
26836
27339
28632
29138
23523
26158
19399
32351
25761
25381
26519
19633
24740
26299
26958
15961
18717
18765
17060
18504
20656
18275
25270
21653
24334
19076
22157
18892
17778
18546
20749
17021
17478
17614
17850
17534
18903
20847
19461
21607
16679
15254
18551
15061
18428
17316
15666
15645
18757
18705
17368
14176
13730
10856
17743
14456
14534
16142
16151
14326
14496
14933
17907
16832
15567
13366
15886
14032
15134
12947
16467
15987
13758
8268
13011
15461
14750
15706
14929
11813
19008
13734
14978
8808
15067
7171
11949
13494
13803
13295
18251
7956
16504
15189
14050
9849
12842
13958
14789
13477
8696
11703
10534
16061
13006
16177
12561
12501
8734
13124
13958
12068
10543
12584
8888
12066
13984
11629
8160
12287
8890
16978
14763
6982
11440
11533
12832
10973
9644
12279
6460
14874
7905
12216
10317
11049
11113
7291
10419
10572
8517
9372
8687
8549
11235
13379
7939
8700
13265
9156
12033
18048
12051
10428
8170
12711
12126
11229
12666
11359
12212
12204
7612
8959
11572
10216
8082
9646
6211
11732
8349
9684
11786
6916
7550
9722
10307
10679
13268
8435
9001
9890
8378
10512
9296
14046
12807
7057
14163
6909
10043
14031
6436
9425
9915
4349
10070
7920
7936
10034
10033
9324
12403
7377
11392
9983
8769
8759
10119
6612
8869
9630
10342
6645
10883
8953
13121
8854
10171
7380
7274
8822
10295
9615
10362
6101
7364
4451
5942
10378
5979
8869
12622
11308
9754
4531
10476
6054
8806
9736
9844
10709
11386
7736
9880
9189
9883
7833
9248
4609
5399
7162
9934
10116
8651
9303
8473
3793
8675
9338
8482
6924
5315
8649
3892
7074
7823
8465
12555
4800
9318
11046
4004
8765
7815
7939
4719
7035
3182
6442
3231
5545
9716
4010
6514
7211
8924
5673
7159
5600
4106
4891
5791
4945
9019
4006
4778
3332
6587
5725
2428
7345
6481
4092
7474
3266
5020
2495
4120
5871
4891
9149
10015
1656
4207
11761
5025
5961
4272
4196
5148
7614
5970
6601
2572
7768
5044
6779
5912
1779
5170
8598
3315
6694
5885
4288
3401
1844
4258
5975
1836
4230
7965
6978
10301
1779
8669
8525
5264
10426
5018
3413
3437
8699
3455
11360
1736
5244
3541
8152
2608
6120
7931
3528
6312
10512
4330
1753
8917
10809
7918
4398
6334
4513
8943
2694
3536
5322
7213
8106
2726
4475
9045
4464
7250
9120
5526
5417
6356
11059
8284
5602
12073
6401
11120
10135
9233
3655
6438
5478
5621
4542
7436
6441
5549
5481
8435
6365
5574
7397
3688
5460
7470
4743
6399
5591
2812
2819
6583
8535
976
1816
2883
4715
7705
6633
1022
2860
1828
3731
3776
2809
3787
997
3901
5687
6647
6578
4746
1876
3755
1009
5726
3867
3223
1922
4839
2035
7845
5781
4927
1927
2928
2933
3050
5834
5775
1967
3152
3932
2850
2912
2013
3879
3941
1927
1006
5968
6014
2938
2039
1923
5076
4984
2973
3030
3924
0
968
7304
5021
4020
968
967
6976
2928
4077
1985
3078
987
2039
5990
2004
2003
4110
8181
4058
2038
979
980
3007
3119
2039
5141
6144
6150
6077
5261
1016
6237
3291
4151
2135
3101
2130
4185
2058
3142
1156
2169
1163
4122
2029
1011
1044
4117
0
3160
1060
2064
3098
1043
2077
2150
7398
1047
1126
1042
7432
2174
2459
2140
0
0
0
0
3062
5290
1080
3202
2127
1154
0
1178
4285
3189
0
2142
0
0
2169
2120
3207
0
1058
0
1058
3312
2173
2096
0
2206
0
0
1182
1087
2247
2186
1104
4372
3269
2272
1079
2137
1089
1116
0
2134
1038
3453
1102
3390
2185
1099
2234
2252
3268
1140
0
4511
1133
2195
0
0
0
0
1095
1164
3467
1165
3356
1130
1172
0
3381
1114
1132
3586
0
1143
3512
1156
1169
2335
0
0
0
1165
0
2340
1122
2402
1182
0
1128
0
3518
0
4731
3451
1177
1135
1119
1147
0
1193
1158
1172
2430
0
2377
2333
2383
0
1204
0
0
1230
0
0
0
1180
4840
0
0
0
1204
3597
0
0
2362
0
0
0
0
1221
1165
2536
0
0
1213
0
1189
0
1203
1253
1240
2518
0
2401
0
0
2482
1319
0
0
2481
1204
0
0
1288
0
0
3825
0
0
1264
0
1283
2512
1219
1232
0
0
0
1251
0
1239
0
0
1205
1236
3852
1222
2487
3734
0
1227
0
1217
1231
0
0
2778
0
0
1277
0
0
1286
1304
1292
1283
2586
0
0
0
0
0
1230
2603
0
1260
1270
3802
0
0
3816
3855
2613
1325
0
0
1272
0
3945
2585
0
0
1253
0
0
4021
2735
1351
0
2646
0
0
0
1372
0
0
0
0
0
0
1287
0
0
0
1355
0
1281
0
1405
0
0
0
0
1466
0
0
0
0
0
0
0
0
0
0
0
0
0
0
0
0
0
0
0
0
0
1289
0
0
0
0
0
0
0
0
0
0
0
1330
0
1329
0
1370
0
0
2742
0
0
0
0
0
0
0
0
0
0
0
0
0
0
0
0
1348
0
0
0
0
0
2727
0
0
0
0
0
0
0
0
0
0
1388
0
0
0
0
0
0
0
0
0
0
0
0
0
0
0
0
0
0
0
0
0
0
0
0
0
0
0
0
1477
0
0
0
0
0
0
0
0
0
0
0
0
0
0
0
0
0
0
0
0
0
0
0
0
0
0
0
0
0
0
0
0
0
0
0
0
0
0
0
0
0
0
0
0
0
0
0
0
0
0
0
0
0
0
0
0
0
0
0
0
0
0
0
