0
102
119
623
666
1951
7253
17376
52149
61038
2211
2561
3543
3657
4170
5000
5552
6143
6706
7488
1588
1638
1828
2238
2205
2297
2579
2253
2647
3029
3084
3321
3438
3515
3476
3972
4360
4631
4214
4376
4267
4720
4643
5557
5289
5535
5118
5860
5898
6090
457
366
380
396
373
442
477
462
573
395
665
413
632
313
609
716
630
759
764
956
985
651
790
675
923
592
827
1066
965
799
744
944
977
837
1198
918
716
1279
975
895
1202
1479
1451
1017
1192
1260
1016
1059
1089
1415
1382
1130
1018
1170
994
1056
1085
1638
922
744
2133
1897
1567
1723
2163
1634
1886
1774
1757
2456
1826
2454
1749
1965
1696
1532
2992
1916
2163
1904
2047
1789
2814
1916
1731
2574
2425
1306
1435
1858
2315
2529
1956
2423
2068
2503
2378
2669
2708
2841
3921
4121
5485
3612
4823
4432
5869
5292
4643
4458
3172
3160
3028
4215
3661
5932
6457
4267
4455
4114
4096
4727
4242
6910
5717
3288
5650
5306
6025
4844
6194
3925
5109
5620
4190
4878
4357
3586
5614
5077
5851
3408
5631
6389
4503
5184
5118
6634
6425
5051
3739
4916
5003
5806
5264
4702
5469
4142
4146
6902
5451
5681
3181
4178
6383
5879
5386
7115
5556
6698
7552
5143
4759
7840
4460
5712
7053
6534
5807
6043
6898
4524
6056
5631
5039
6347
7069
7010
2154
6494
3979
5944
5231
5933
4884
5509
6265
6835
6682
4364
307
0
1387
292
319
0
0
599
0
315
1350
629
645
302
316
0
0
609
336
329
996
804
679
983
366
1407
336
1208
0
1059
688
0
348
346
0
676
0
0
340
415
330
324
1376
331
388
714
812
732
743
383
1115
377
399
0
1641
1161
0
354
0
349
435
354
372
356
0
0
754
767
419
0
0
909
1294
376
825
0
431
1348
389
390
1460
1161
766
435
1249
837
0
381
1166
811
2569
817
445
386
462
909
788
402
428
399
0
523
909
1247
438
0
1250
889
834
477
1288
0
404
0
1341
446
0
431
528
1817
1802
900
450
651
921
1609
0
566
1024
0
426
934
0
0
440
467
466
0
935
0
469
0
0
1983
0
935
446
478
1147
1397
0
0
0
0
962
0
2019
473
459
960
945
476
1004
501
1198
0
1093
952
2251
0
488
0
1955
0
1048
0
563
502
500
1529
1241
1063
545
1145
519
1633
0
0
1579
1560
522
0
0
1184
0
514
0
538
600
518
580
2127
1177
1631
0
0
643
1138
0
2448
0
0
2311
575
648
531
1156
567
0
0
573
1281
0
2363
1810
686
599
0
0
0
560
0
1196
0
632
0
579
600
1216
617
0
642
0
748
583
618
0
643
0
731
1247
636
0
0
0
1386
0
2491
0
1519
647
0
1337
756
2726
604
1246
0
0
652
0
0
1360
0
1400
0
0
1515
2035
661
0
1494
741
1361
1360
1335
745
705
0
1346
656
2065
0
1395
790
0
0
0
719
796
729
0
0
0
0
733
1335
856
719
1505
741
2143
707
719
3068
722
736
0
0
728
2278
1454
773
730
810
780
830
719
1441
1476
872
0
711
0
859
0
0
0
1485
0
773
838
803
765
0
742
0
2312
0
755
0
0
871
753
0
0
769
0
2315
2521
2389
1781
774
2349
1529
1793
764
1721
741
0
779
0
0
2511
0
1520
1841
843
778
1538
742
0
930
854
0
1735
761
1579
945
3494
1632
0
0
0
778
0
0
0
1675
0
933
2456
2510
812
1041
0
1832
0
2621
2410
1782
0
0
771
0
0
795
2682
896
875
0
834
824
0
1047
0
0
844
2827
2033
0
0
0
0
878
1886
961
0
830
1847
0
1667
915
859
845
0
0
867
2667
0
0
1751
3023
0
0
0
1735
0
889
1021
905
854
0
0
0
1022
1139
1847
1865
1887
1763
0
1879
0
1018
0
1914
1963
1089
875
893
891
931
1079
897
0
0
0
1047
2801
0
922
0
885
1854
928
0
1153
978
892
940
0
926
954
1014
985
963
0
998
0
969
1089
920
2044
2071
0
925
1063
1053
0
0
0
0
2084
1163
1135
1053
0
1945
3113
2088
1012
952
1089
0
1047
1051
0
976
894
2004
1921
0
2128
1195
1178
0
2198
992
936
0
0
4000
1040
1002
0
1066
2052
958
0
0
0
1156
2013
2081
0
0
1013
2139
0
3112
2085
0
1137
1107
0
3082
0
5728
0
1259
0
0
1045
3460
1104
1170
2698
0
1079
1134
0
1167
0
0
2267
3279
2172
0
0
2321
0
0
2202
1026
2191
1325
0
0
0
0
4428
1139
0
0
1118
1129
0
1093
1063
0
0
0
0
1144
1172
2368
1164
0
0
1187
2168
0
0
1101
0
0
5834
2348
1110
0
1165
2254
0
1096
0
0
0
1161
0
0
0
1260
0
0
2599
2192
0
0
3497
4929
0
2488
0
0
0
2380
0
0
1174
0
1246
1266
0
2322
0
0
2412
1216
1131
1346
0
2272
0
1220
0
1226
0
0
1227
0
0
1151
0
2418
1191
1170
1353
1140
1161
0
1286
0
0
2550
1265
0
0
1260
0
1365
4103
0
1427
2571
2446
1241
1222
2631
0
0
1298
0
0
0
2542
0
0
0
1454
0
1294
2565
2563
1289
1272
0
0
0
1228
0
0
1312
1394
1257
0
0
0
0
2623
1225
0
0
0
0
0
0
0
0
0
0
0
0
0
0
0
0
0
0
0
0
0
0
0
0
0
0
0
0
0
0
0
0
0
0
0
0
0
0
0
0
0
0
0
0
0
0
0
0
0
0
0
0
0
0
0
0
0
0
0
0
0
0
0
0
0
0
0
0
0
0
0
0
0
0
0
0
0
0
0
0
0
0
0
0
0
0
0
0
0
0
0
0
0
0
0
0
0
0
0
0
0
0
0
0
0
0
0
0
0
0
0
0
0
0
0
0
0
0
0
0
0
0
0
0
0
0
0
0
0
0
0
0
0
0
0
0
0
0
0
0
0
0
0
0
0
0
0
0
0
0
0
0
0
0
0
0
0
0
0
0
0
0
0
0
0
0
0
0
0
0
0
0
0
0
0
0
0
0
0
0
0
0
0
0
0
0
0
0
0
0
0
0
0
0
0
0
0
0
0
0
0
0
0
0
0
0
0
0
0
0
0
0
0
0
0
0
0
0
0
0
0
0
0
0
0
0
0
0
0
0
0
0
0
0
0
0
0
0
0
0
0
0
0
0
0
0
0
0
0
0
0
0
0
0
0
0
0
0
0
0
0
0
0
0
0
0
0
0
0
0
0
0
0
0
0
0
0
0
0
0
0
0
0
0
0
0
0
0
0
0
0
0
0
0
0
0
0
0
0
0
0
0
0
0
0
0
0
0
0
0
0
0
0
0
0
0
0
0
0
0
0
0
0
0
0
0
0
0
0
0
0
0
0
0
0
0
0
0
0
0
0
0
0
0
0
0
0
0
0
0
0
0
0
0
0
0
0
0
0
0
0
0
0
0
0
0
0
0
0
0
0
0
0
0
0
0
0
0
0
0
0
0
0
0
0
0
0
0
0
0
0
0
0
0
0
0
0
0
0
0
0
0
0
0
0
0
0
0
0
0
0
0
0
0
0
0
0
0
0
0
0
0
0
0
0
0
0
0
0
0
0
0
0
0
0
0
0
0
0
0
0
0
0
0
0
0
0
0
0
0
0
0
0
0
0
0
0
0
0
0
0
0
0
0
0
0
0
0
0
0
0
0
0
0
0
0
0
0
0
0
0
0
0
0
0
0
0
0
0
0
0
0
0
0
0
0
0
0
0
0
