0
0
0
0
0
0
0
0
0
0
0
0
0
0
0
0
0
0
0
0
0
0
0
0
0
0
0
0
0
0
0
0
0
0
0
0
0
0
0
0
0
0
0
0
0
0
0
0
0
0
0
16
0
20
0
0
21
21
43
0
0
0
71
25
27
26
105
57
58
143
92
88
137
62
96
34
101
101
104
88
187
229
282
156
160
165
83
152
44
199
181
101
92
195
281
144
50
102
102
156
214
0
0
169
170
293
235
124
124
252
528
221
341
473
133
138
0
285
357
216
77
455
478
236
154
324
80
492
331
253
270
821
352
742
362
542
651
282
487
402
587
610
900
206
315
742
662
313
342
686
315
139
901
442
442
560
0
1169
882
272
748
584
939
763
928
610
976
484
304
642
467
1324
459
1193
1284
850
631
1466
556
1162
1368
2384
895
672
1378
1541
326
1032
1018
1563
1221
1417
1061
1251
2501
2012
1271
1700
1990
1829
1471
1103
2963
2275
1878
3208
1296
1664
2116
1711
3091
2610
3056
2361
3442
2956
4310
3008
3241
3606
3492
3759
2675
2076
3296
3148
4171
2102
2969
4185
5318
3149
3939
2726
4657
3266
3240
4392
5844
5485
3133
3966
5310
3375
4082
4014
3648
4153
4639
4428
4260
4137
2985
4161
5516
4440
6439
4363
5190
2817
5014
6499
4569
3746
7575
5884
5125
4889
3443
6965
4587
2456
4212
5080
5599
6020
6326
5088
7153
7003
4528
6466
6616
4691
6625
5671
3944
4383
5849
4868
6556
5119
6187
6306
8378
8473
6004
8527
6924
5289
5767
4205
5500
7686
5887
6157
8878
8761
5673
9850
8854
4539
7604
8803
7349
10252
9973
7938
8522
10352
8872
8520
10103
7345
9973
7550
12990
10052
7613
7603
11700
7884
9203
12075
10898
9151
15215
11250
7172
9774
10692
13281
9181
12621
12687
13736
7036
12533
10200
9587
13735
10410
14390
10881
15031
11801
10135
11270
10251
15099
15437
15493
15170
11817
15057
13464
12593
15010
10661
21276
18221
13053
15038
13247
21806
15713
14906
14231
15070
19799
15829
18065
17621
23817
17807
13929
19266
16876
20341
16379
14896
22040
19000
21244
14260
20785
21720
13037
16538
18346
24624
16611
13751
13343
16333
17223
14338
19064
16047
22973
18608
17159
22946
17354
20543
17642
13078
16726
14759
18879
24637
17625
15272
23271
30867
19026
22415
21827
21661
22375
25641
24600
19376
28899
24653
22442
30951
24997
29386
25397
22450
31338
30714
32076
32037
30982
30282
29466
36665
32163
34609
38224
32708
29633
40278
39286
36381
30722
35262
38357
39728
32850
46309
42679
41712
45493
45837
36557
43438
38954
36890
38315
32460
41089
37556
43608
35734
26854
35465
44032
39200
35977
38483
41205
33464
39582
29071
34771
27601
30233
28704
29849
28640
32108
25694
31906
27905
35787
27346
28277
26933
28434
24583
29553
19280
19554
24752
26826
23456
25902
26049
22118
28767
20092
22358
21822
25425
23173
20243
20574
19211
18982
20831
24916
19556
28356
26344
25980
20803
19975
23817
22000
24063
21824
21068
23138
24385
21027
23362
25095
25074
21969
17885
18347
16821
21050
15832
20369
25793
22456
28535
23071
16480
16880
19891
21085
18242
18895
24399
26987
21478
21767
20328
18000
21716
20043
14088
17699
16540
20939
12040
16046
13838
14836
12327
21965
13889
14912
16508
14601
14641
17504
16685
16219
13203
15352
12771
11435
14802
15938
14071
12097
13371
19345
18494
16047
17544
14335
15488
18413
14676
15936
15296
14066
17512
16926
14984
10534
14629
11031
12060
11234
11572
17329
17356
13586
15921
11495
13798
12902
13060
12006
9807
12358
11105
12159
17534
12319
11648
17649
9375
14440
13997
10985
9532
16678
11160
9550
9888
19708
13651
13214
11034
9657
7676
5417
7161
9121
12114
10178
9070
10371
8894
9059
15572
10315
8579
9596
8574
13170
9065
12900
11925
11587
10471
9874
10061
15857
16938
9959
12661
7505
10507
14276
8750
9064
8167
8217
8700
7620
5829
12848
14511
7011
8775
10803
8879
7858
5157
8216
11209
7403
7747
7792
9609
9943
11193
10593
9176
12575
9068
5119
7752
11113
14390
10732
10521
5415
5361
11217
9436
8527
11183
12949
8624
5512
12300
8058
7454
6682
4149
11633
6081
8842
9393
7431
8402
7498
10316
9553
7512
9490
5379
4068
9517
7692
13034
10225
13986
11159
4302
9139
8250
7774
7140
8572
8414
9733
9727
7021
12032
12194
12113
8671
12667
12923
5814
10655
10739
12698
9992
5743
9416
11356
7796
10809
10909
6802
10127
11101
13115
7723
11753
8746
8096
9366
10444
7915
7958
4588
8903
8643
12243
5904
8174
8158
5305
2129
4415
4433
6662
8874
5266
11180
9736
9845
2163
3810
7259
4597
6695
14893
3938
6769
8278
1488
3707
9845
5342
7598
4536
8413
3709
2363
3135
3856
11286
5391
5268
9351
5393
3079
7079
2329
5554
7804
4883
7096
4668
7912
7953
9459
3825
5494
1614
4743
7824
5304
5471
3189
4747
5528
4887
11977
831
3934
3936
2405
4965
2526
2570
3982
4111
8180
4925
8970
7305
3198
10702
3993
6604
3432
6662
7331
3237
3189
6610
6526
5021
5773
6616
9572
5608
1684
1668
2502
4842
7496
6655
7346
5923
4995
11925
7422
6638
6822
6585
1697
5730
7674
5098
6059
6766
3546
4158
7658
11919
4126
6871
9524
6666
3560
5162
5929
2618
4403
5072
8463
14660
9568
5230
3389
5163
8683
3434
6123
3502
4372
6070
8799
2619
6298
6326
6903
5158
5239
6107
5151
5240
2724
4414
3460
2627
6165
8073
7913
4471
6322
6210
2708
6288
6214
8984
4608
6600
2815
2681
5394
3537
5311
6626
6369
2716
2712
3605
0
3706
2798
4736
6265
1833
7201
5549
4535
5619
1786
1870
2742
4638
5523
1917
1914
6457
5580
4705
5662
1816
4649
986
5608
2925
1867
2881
3750
4662
5899
927
5832
3718
3657
2878
3737
3654
2902
5664
5716
6453
4695
6668
963
4629
2815
4767
4849
0
2898
5804
5747
956
2909
4840
3962
1879
4801
3890
2876
2924
2859
1910
1909
948
5833
4771
3881
5977
2029
1890
2956
2935
6873
4958
0
2030
1970
1923
4975
2316
1990
6080
2014
2884
5008
4008
980
1038
1936
6055
1028
2117
2082
1081
0
1998
1014
2948
951
1980
2993
4054
7103
1048
2039
5122
2925
3224
1959
4147
2970
1984
2166
2012
0
1035
1975
5219
4083
3170
982
1039
1260
2143
3219
3040
2158
2046
5067
1091
1079
994
2110
999
0
2140
998
0
0
1104
2135
2099
0
997
2094
0
0
1085
1100
0
2157
0
991
3318
2010
0
3086
1038
0
3334
3217
3213
2103
1089
0
3145
1024
2307
1021
0
1083
1075
0
0
2129
2115
5292
2116
0
0
1144
2214
0
1095
2221
0
1184
1043
1123
2250
1056
2241
0
0
1063
2213
1094
1118
0
1066
1123
2263
1092
5723
0
2278
1071
1071
0
1098
0
1188
0
4503
0
1112
2334
1118
0
1072
1160
4594
1080
1137
1188
3615
2498
1098
2233
1155
1095
1084
0
1260
0
1135
1179
0
2227
0
0
0
1096
1102
1205
1146
0
1185
1209
1183
2241
0
1138
3554
1199
1100
0
0
1189
1128
4880
0
0
1165
0
1124
0
0
0
3407
0
0
1339
0
0
1158
1233
1186
2541
1280
1286
1194
1184
0
0
0
0
1133
0
2470
0
1268
1164
1266
0
0
1203
2410
0
0
2421
0
2452
2382
0
3742
0
0
2463
1178
2327
1283
0
1245
0
1239
2459
5033
1301
0
0
0
2375
0
0
0
0
0
0
1204
0
2516
0
1253
1325
1193
0
0
1175
1201
0
0
0
1203
0
0
1309
0
0
1247
0
0
0
1195
0
0
1214
0
1351
1302
1352
0
0
0
1342
0
0
1251
0
3930
0
0
0
0
0
0
3902
2655
0
1241
0
0
0
1283
0
0
0
1336
0
0
0
0
0
1236
0
0
0
0
0
0
0
0
0
0
0
1376
0
0
0
0
0
0
0
0
0
0
0
0
0
0
0
0
0
0
2813
0
0
0
0
0
0
0
1295
0
0
0
1274
0
0
0
0
0
0
0
0
0
0
0
0
0
0
0
0
1387
0
0
0
0
0
0
0
0
0
0
0
0
0
0
1432
0
0
0
0
0
1482
0
0
0
0
0
0
0
0
0
0
0
0
0
0
0
0
0
0
0
0
0
0
0
0
0
0
0
0
0
0
0
0
0
0
0
0
0
0
0
0
0
0
0
0
0
0
0
0
0
0
0
0
0
0
0
0
0
0
0
0
0
0
0
0
0
0
0
0
0
