1155788
1153074
1177344
1155658
1149668
630733
1012696
1142345
1218440
1213954
1146217
1161308
631733
1032689
1165632
1144180
1185074
1143906
1237578
626959
1028483
1145963
1220284
1193216
1160437
1147385
634527
1144306
1145270
1160108
1145482
1317997
1162881
630015
1073349
1226443
1150865
1149135
1164507
1162118
701261
1034035
1157906
1167389
1216442
1156025
1182727
677155
1069637
1219156
1195210
1260936
1163673
1163596
642964
1028454
1166425
1170028
1167835
1190810
1238138
636257
1026409
1156677
1299873
1222151
1147291
1167837
635251
1119045
1172349
1154356
1144656
1157474
1183606
637768
1018613
1152742
1146391
1144380
1143403
1180348
632084
1056558
1161148
1154806
1145748
1168226
1153336
663280
1032022
1219766
1144288
1213689
1142792
1233443
630823
1014876
1141007
1171727

