67164818
67181718
67503651
67498365
67573106
60470260
61008675
66642161
67186374
66978797
66663571
67034726
60531896
61445455
66880347
67568729
67122918
66890079
67367007
60379700
60559853
67057278
66914433
66975833
67499108
66874810
61083622
60873719
66996527
67140013
66517089
67458304
67352374
60377088
60786230
67043511
67119169
66759608
67072251
67039631
60610678
60628999
66543266
66453276
66934793
66900833
67011401
59984288
60748964
67371237
66946993
67614744
66665200
67517442
60280821
60184527
67557826
67326219
67682403
66865790
67381058
60614753
60947018
67155592
67499466
67384365
67894551
67571742
60922283
61318860
67884745
67459730
66914446
67715986
67252686
60691190
61942835
68386380
68997026
68453920
68274927
67897728
60743571
61406302
67538527
68413345
68437751
67736731
68513358
60869574
61606275
68084453
67840941
68373782
68042306
67797611
60867396
60893132
67666871
67915821

