16621590
16615198
16599575
16504742
16600812
10582683
10886935
16256170
16406954
16376842
16331196
16205065
10725533
10812671
16354481
16229931
16367756
16393230
16262517
10426586
10792024
16339157
16623659
16309382
16434746
16437230
10484172
10874561
16535261
16512963
16550692
16660249
16849371
10727825
11089840
16857381
16896908
16912666
17043573
17431787
11038644
11324749
17548307
17180913
17587461
17299335
17391809
11630573
11880101
17473753
17491076
17626779
17614806
17370387
11534325
11744843
17582376
17629808
17455851
17317545
17712000
11546777
11622397
17187862
17473345
17426663
17127307
17057045
11249409
11461284
17317042
16834703
17075707
17090927
16928721
10800714
11215324
17117927
16960013
17154324
16754055
17109832
10899172
11217136
16769640
17065450
17042898
16896603
16759354
11143998
11353943
16979439
16861357
16798155
17141962
17108940
10793543
11079894
17240720
17068430

