1484069
1581269
1564173
1571071
1579260
1188824
1391083
1572505
1586208
1555744
1659857
1676931
1277518
1501411
1666705
1664461
1672093
1669562
1666788
1310333
1506293
1674719
1681765
1677979
1725437
1711421
1355165
1541977
1747071
1669522
1679469
1689577
1685463
1308465
1515421
1652165
1658089
1725621
1680398
1665480
1313967
1517814
1658777
1686162
1659627
1670367
1733837
1322431
1517359
1696944
1666954
1692840
1699837
1683820
1384335
1549648
1672303
1706121
1692248
1691531
1666911
1317629
1510428
1709252
1671536
1666649
1659082
1667563
1363572
1506570
1679226
1667459
1710091
1665789
1726068
1310259
1528508
1660777
1702852
1659082
1671895
1756077
1318798
1589023
1687278
1744554
1686239
1692591
1676534
1317641
1524973
1665803
1668278
1715555
1678369
1664360
1324892
1505194
1746239
1666497

