227222
245324
225152
225441
227300
225591
267911
125473
126849
123491
135317
167977
127499
126193
124267
120384
120711
121253
119047
118997
118616
118789
118230
118508
119464
116571
116751
117298
117044
115825
115820
116659
116198
116072
116501
116329
116746
116437
116619
116252
116656
116868
116500
119353
116683
116891
118120
117090
117532
117080
116557
117055
117440
116360
117326
117115
116064
117798
116922
116495
116630
117058
116586
116560
116476
116142
116209
116501
116396
116077
115353
116327
117035
116814
116410
115311
116527
118312
115870
117826
116651
117820
116435
117586
115256
116355
116098
115693
117148
116862
120965
116572
117147
117192
116548
116755
120003
117342
116431
120105

