70059948
70450575
70234380
70055724
70248866
65767416
65811269
70245031
69971027
69669400
69791231
69928891
65203136
65077668
70167620
70179650
70165450
69965485
70078372
65521018
65490323
70074752
70077532
70071210
70121011
70189889
65389967
65698218
70208306
70143434
70076750
69845203
69871140
64771704
64831985
69438768
69972677
69859089
69767117
69718294
64928823
64741994
69435347
69193654
69304900
69268850
69147779
64348084
64379925
68759347
68836423
68683141
68859381
68757808
63972770
63977667
68925120
68892375
68896675
68534501
68946186
64198218
64612813
69214253
69059866
69193791
69317591
69318502
64651003
64814259
69735021
69787296
69973384
69851038
69743422
64804892
65030761
70188658
70072519
70264906
69836675
70064115
65119187
64980230
69895614
70142829
70122238
70130988
69977308
65161599
64933647
69856872
70002243
70192177
70239762
70187336
65321856
65238824
70064820
70008921

