71771255
72277273
72023733
71852267
72055455
67181873
67470311
71943037
71684110
71348659
71586424
71773815
66608187
66705290
71958606
71964528
71958270
71756324
71864222
66950365
67115246
71868279
71877542
71867710
71965927
72017896
66861914
67357508
72072436
71928794
71872067
71651454
71672832
66196264
66463928
71207285
71747526
71701166
71564162
71500041
66359460
66376691
71210638
70999191
71081243
71056122
70999752
65787620
66014832
70573386
70619948
70493052
70676677
70558005
65474448
65644445
70713500
70716308
70705858
70342542
70729762
65632924
66239843
71040078
70847907
70976606
71092899
71102587
66131011
66436929
71529620
71571120
71800539
71633668
71585930
66230491
66675838
71967783
71891286
72041851
71625246
71938052
66554454
66686911
71698193
72003771
71924602
71939293
71771023
66596146
66579609
71639273
71787699
72024959
72034709
71968479
66766773
66861386
71927511
71795549

