1553020
1657202
1728547
1680234
1654749
1370766
1519472
1664090
1640581
1704039
1677570
1634650
1370074
1517157
1688442
1681713
1687406
1663461
1690328
1404911
1565891
1722823
1671471
1666176
1666282
1668001
1391987
1620998
1701810
1686642
1663116
1670661
1701328
1432958
1554937
1657741
1691650
1668657
1684155
1679884
1439573
1560264
1673570
1663391
1662370
1668074
1667014
1430892
1549034
1681128
1664632
1657646
1657798
1667964
1390269
1632841
1705971
1677011
1667582
1725725
1679623
1397589
1540259
1722224
1711211
1677019
1665540
1667342
1387033
1554054
1773882
1662570
1667101
1679008
1687062
1394499
1549777
1678181
1670324
1663527
1696967
1664461
1389789
1628872
1680600
1670314
1682848
1740275
1683122
1388879
1583026
1670749
1653504
1670322
1680448
1673022
1393412
1583115
1669841
1659446

