242854
242921
244312
242227
286105
241211
240967
142360
133799
135030
135664
133972
136642
133691
135481
134011
132378
132627
132361
132866
134952
132938
132279
132371
132317
132242
132860
133640
131600
132337
132115
133263
137472
133493
132726
131682
132388
131687
132140
144389
133056
132696
132508
132429
132021
132897
132122
133778
132202
132853
131991
131999
131881
132036
131583
132850
131887
132060
132109
132053
132015
132697
131487
132676
133231
132205
131765
132142
173875
131534
132841
132026
133157
132184
132236
133010
133368
132586
131687
132229
134414
132573
132496
133145
132097
130644
131205
131689
132912
132132
141856
130280
130668
130629
131691
132585
131147
151388
132943
136174

