43539924
40322948
40813588
40489010
40717162
40575431
40523067
40347224
40225349
40653604
40613202
40618481
40950371
41277609
40564850
40723070
40582276
40789877
40742853
41034411
41074210
40785033
40262697
40403393
40380524
40369183
40917315
41235996
40559939
40541575
40441544
40484536
40302867
40697234
40687473
40403644
40205425
40465194
40084682
40087980
40594419
40855818
40243823
40151951
39998265
40065023
39854195
40183974
40364659
40011069
39705628
39599341
39910136
39697866
40179637
40350219
39733412
39647572
39862128
39678609
39807436
40349546
40305030
39753451
40015048
39910176
40269370
40137718
40696070
40807123
40442979
40277454
40240515
40345061
40286969
40903508
40940721
40498509
40519165
40552474
40295940
40238737
41146900
41115746
43076624
43073057
42942188
42916066
43667427
43760145
43340820
43217481
43364488
43518258
43354876
43462042
43889079
43731960
43269789
43570976

