45335827
42223172
42786474
42411534
42658052
42187436
42283542
42153715
41999753
42492701
42426496
42387134
42457111
42928487
42388789
42538821
42402088
42585987
42565565
42572207
42775077
42640817
42066473
42201968
42179146
42169451
42442208
42990668
42393377
42360571
42236819
42288501
42141722
42263716
42375209
42193155
42029519
42265555
41901033
41912426
42167093
42549013
42050185
41947831
41792822
41866234
41653398
41748719
42046330
41825175
41502492
41389144
41699935
41498449
41701627
42116224
41571305
41456661
41661836
41536540
41619257
41879994
41977082
41609085
41859672
41719551
42067137
41937319
42257108
42493644
42349920
42072076
42041267
42156395
42106416
42431533
42624084
42309497
42321561
42348251
42127447
42036152
42669290
42877956
44889956
44874139
44756355
44788146
45483580
45281267
45065881
45019069
45148820
45319397
45167565
45267794
45413804
45467064
45072804
45366759

