1023763
1089836
1088715
1098297
1095843
595731
967870
1099547
1091919
1143213
1087992
1098452
599061
965077
1090614
1090687
1087678
1103302
1093699
595270
1016249
1099877
1091387
1088600
1097872
1153781
598643
987553
1096872
1089924
1098591
1092727
1091797
597284
977709
1093494
1119623
1096830
1094939
1100589
601081
975859
1097640
1101432
1103989
1103295
1105788
614100
1022929
1107100
1111619
1108030
1110178
1107446
612699
985825
1107523
1108860
1136677
1104641
1101341
604366
974929
1196773
1094861
1099908
1096532
1095265
598398
969850
1090956
1140572
1149940
1091688
1091661
599041
1021768
1134478
1165299
1093835
1088670
1117226
599481
975265
1089581
1107520
1090149
1170532
1146617
593951
1017124
1089141
1140562
1090895
1121326
1086899
617123
974275
1094115
1086770

