212791
212763
213004
213588
213101
213242
212811
115445
118722
119646
124507
116833
115259
117914
118678
115921
117499
115233
115638
115081
114757
115928
115285
115279
160159
115238
116170
115114
115398
115220
116095
115328
115574
115225
114981
158893
115668
115440
115409
115534
115530
115960
115382
115653
161153
115887
115740
116292
125769
115602
115641
115555
116348
115332
115532
158846
115186
115446
115707
115336
115159
115765
114726
120641
114984
115593
114818
114898
115042
114413
114935
116297
116177
115060
114753
114733
114619
114609
115995
115227
114988
115513
116456
115232
162886
115851
115524
118473
115554
115107
115829
115025
115216
115269
115894
115182
118778
116343
115231
116335

