15204949
15019277
15091777
14999711
15086031
12234153
12145304
14932295
15579933
14965289
15017329
15079753
12182882
12161813
14976138
15034193
15020938
14974787
14946479
12227814
12216600
15123060
15049077
15176587
15106221
15520994
12386609
12374778
15330456
15292550
15297544
15390513
15383968
12398233
12396614
15280364
15141213
15054566
15237962
15201075
13025435
12398667
15332828
15415834
15489783
15446968
15612273
13257155
13084226
15677138
16055875
15979611
16205266
15943913
13448755
13427743
16042763
16140457
16434880
16357111
16267387
13510877
13669287
16459731
16079943
16100777
16246852
16313945
13396065
13366750
16047139
16005785
15678759
15916665
16180333
13123517
12872132
15685947
15664877
15634732
15542339
15675120
12964516
12837486
15793225
15591045
15776611
15849429
15583815
12746989
12792151
15615582
15662880
15481378
15439583
15383635
13119354
12542675
15383487
15303774

