16441518
16321894
16393519
16311615
16394995
13043153
13326005
16147301
16790592
16228169
16229841
16295057
12897223
13244822
16185444
16240816
16226138
16193337
16155827
12938185
13347629
16338878
16255762
16380482
16364274
16790027
13101438
13477465
16542750
16497707
16512247
16598593
16591351
13110758
13489324
16532772
16376517
16266849
16448325
16417221
13742062
13490502
16545865
16632939
16754938
16666164
16833813
13987571
14232941
16899853
17283157
17203207
17431805
17166705
14177012
14572431
17265485
17364778
17687289
17577104
17483900
14231026
14758968
17777159
17289803
17316295
17458233
17524127
14109528
14451082
17253056
17262716
16944894
17123493
17386796
13837353
14008575
16935112
16946227
16843814
16746053
16907908
13680514
13928046
17045750
16814453
16982363
17138506
16846096
13456101
13925161
16819778
16918703
16687583
16676867
16585770
13855293
13633357
16592864
16506933

