1619371
1723147
1724785
1751572
1796563
1423465
1599121
1733318
1720155
1718276
1719558
1744003
1424190
1605089
1726761
1724281
1733273
1720887
1728223
1423743
1611341
1728711
1742524
1736074
1785573
1721087
1422667
1604426
1722407
1725424
1742579
1723298
1726471
1433396
1609185
1721276
1742138
1725203
1719563
1727244
1423844
1604278
1728462
1725544
1721266
1723517
1724567
1423054
1600730
1724393
1720758
1739303
1746986
1765076
1427565
1612842
1742945
1726184
1726896
1732735
1724971
1424511
1633631
1717405
1719201
1719432
1729701
1724205
1423827
1602238
1730364
1722731
1728950
1725870
1718680
1454655
1601587
1719170
1718149
1725602
1720099
1726069
1425673
1601366
1721116
1717651
1718741
1717901
1736298
1421064
1603073
1716622
1717628
1726273
1719805
1777636
1421284
1598740
1719972
1721479

