227477
228001
404849
389234
367396
227537
227176
125218
126645
165168
128238
159182
125197
150583
125237
141410
124874
125389
124841
167961
148664
125308
169790
163908
134852
134786
135120
124883
124661
125095
139939
136127
128316
125388
125704
124145
125587
124921
124665
124281
124243
166803
125365
134501
153695
125023
124705
124622
125339
143622
124683
128487
125904
126089
124653
124463
124310
149952
124215
124840
158874
124268
136747
125699
124026
168484
124279
124449
125052
124179
124308
124740
124395
124689
126708
124300
164713
123794
150509
123665
138016
124920
126345
123807
124370
124052
124371
124142
127335
126430
125029
123951
125349
125008
124063
143603
125184
137998
125926
128650

