503119
480878
484642
494134
489723
436185
429463
488998
489596
490484
492516
498099
444761
451002
508522
512855
521346
530560
543786
486985
497071
566111
579057
600135
604747
629289
599634
626884
714908
743928
773944
811264
862652
866536
931721
1052830
1101270
1157923
1218077
1302646
1317247
1439292
1538826
1567483
1585294
1617066
1664946
1582139
1593488
1648084
1585343
1507888
1452013
1376298
1250912
1193957
1223942
1095978
1018607
950102
891532
781911
735479
749433
710115
678910
647649
622981
560960
525725
567669
557014
545596
534325
526064
460854
455345
507511
502563
499243
494711
499298
433616
432250
488346
486642
487488
487535
488618
427450
427498
487672
484253
487075
485889
483389
424661
425263
482307
483128

