2349987
2432051
2614293
2634979
2653715
2087211
2255796
2347550
2336413
2373940
2340324
2401304
1994161
2206686
2360533
2378566
2379511
2376858
2396862
2078702
2257090
2420142
2491404
2500132
2525184
2485173
2157433
2356206
2562001
2594459
2656504
2670705
2717457
2425333
2666630
2898265
2969007
3008061
3062319
3154194
2865346
3210399
3392681
3427541
3460268
3465619
3514231
3129829
3319572
3516110
3430798
3375694
3324915
3267486
2803142
2931277
3091226
2972133
2869730
2807689
2775399
2330702
2505870
2592548
2553361
2566840
2501644
2471647
2109854
2252154
2422353
2404506
2398953
2384897
2371469
2039839
2221657
2350487
2371233
2348522
2352837
2350298
1985645
2157435
2333844
2328357
2330611
2329590
2352265
1974957
2155611
2328258
2327240
2338368
2329769
2404662
1971145
2162013
2328217
2333271

