12841954
12573484
12465911
12417923
12618836
10655803
10326939
12497435
12450276
12733864
12512246
12545536
10182996
10450841
12558302
12520901
12752457
12602016
12574979
10357151
10326915
12454028
12774761
12601568
12602462
12515010
10586478
10473991
12752147
13003821
12760928
12825221
12768931
10588140
10522924
13071300
12893925
12977312
12900757
13096049
10908950
10983577
13098067
13369015
13350999
13235080
13367269
11169915
11224807
13434030
13392617
13309858
13467843
13504928
11427272
11385917
13447709
13537467
13862494
13416923
13236113
11108469
11190274
13374449
13267455
13051289
13262053
13236822
11138779
10908886
12993608
13211009
13137160
13552866
12869264
10715938
10867793
13032965
13101521
12795988
13025344
13045462
10846995
10843039
12784808
13053871
13023289
13080972
13439615
10617129
10790403
13020647
13130275
12809929
12979531
13060012
10672917
10925828
12832088
12985242

