14164401
13959622
13851894
13873946
14005352
11525014
11585787
13844801
13730193
14013365
13868600
13829557
10940533
11604044
13835417
13802311
14106647
13880625
13854518
11117738
11477646
13733942
14056958
13883078
13883065
13821106
11344354
11627000
14032949
14383197
14044022
14107438
14123078
11347532
11677203
14363113
14244575
14262123
14187215
14383618
11672537
12142558
14389223
14678106
14645304
14531034
14663490
11940025
12387904
14733231
14692931
14680146
14769596
14808586
12200242
12553814
14746734
14837363
15239955
14714281
14530366
11874409
12349988
14665599
14626949
14339488
14548171
14525744
11899465
12132889
14276058
14496267
14418874
14901639
14149314
11473527
12020328
14311620
14451696
14110116
14306412
14324514
11606508
11992125
14064440
14331382
14301702
14361435
14786804
11373831
11943420
14300479
14410491
14157811
14260316
14339875
11441267
12083103
14187540
14262935

