0
0
0
0
0
0
0
0
0
0
0
0
0
0
0
0
0
0
0
0
0
0
0
0
0
0
0
0
0
0
0
0
0
0
0
0
0
0
0
0
0
0
0
0
0
0
0
0
0
0
0
44
0
44
0
0
54
72
97
0
0
0
191
67
57
60
244
134
131
318
229
199
286
142
185
69
206
199
215
172
380
465
576
321
311
328
161
265
73
335
329
173
160
385
438
260
97
193
174
267
363
0
0
259
291
475
420
219
226
414
840
320
536
762
205
208
0
462
646
332
113
695
660
347
222
487
118
722
471
350
349
1149
492
933
560
711
890
380
663
546
787
804
1180
263
396
935
859
415
425
828
298
139
846
425
423
549
0
1194
884
262
716
612
910
739
927
601
921
468
306
666
457
1277
447
1150
1310
860
631
1454
530
1173
1370
2398
883
683
1372
1560
339
1062
1026
1663
1181
1418
1050
1268
2425
2005
1224
1701
2033
1796
1536
1034
2981
2252
1832
3140
1348
1694
2115
1698
3126
2559
3077
2320
3435
2865
4144
2998
3174
3563
3496
3602
2676
2082
3222
3042
4175
2159
2901
4133
5301
3231
4017
2848
4525
3220
3200
4390
5835
5568
3132
3912
5219
3414
4248
4009
3554
4142
4574
5052
4211
4117
2999
4203
5414
4570
6339
4302
5258
2731
5036
6469
4612
3627
7447
5831
5142
4905
3455
7054
4501
2490
4180
5049
5604
5957
6219
5291
7049
6821
4528
6537
6467
4596
6752
5660
3967
4412
5798
4753
6382
5044
6135
6036
8421
8683
6049
8506
6870
5249
5692
4052
5496
7621
5838
6108
8721
8637
5687
9942
8682
4496
7567
8631
7084
10330
9799
7908
8544
10387
8641
8491
9930
7468
9905
7405
12971
9990
7489
7547
11743
8049
9192
12110
10871
8816
15119
11059
7176
9721
10784
13236
9003
12766
12479
13596
6924
12494
10141
9598
13425
10400
14298
10755
14995
11506
9838
11198
9985
14881
15216
15049
14977
11858
14834
13485
12684
14940
10595
21280
18209
12871
14991
13074
21253
15969
15036
14199
15089
19338
15766
17941
17559
23796
17309
13481
18976
16427
20263
16018
15311
22181
19250
20789
13972
20650
21158
13002
16443
18473
24108
16369
13976
13022
16029
17383
14280
18949
15726
22894
18572
17274
22630
17246
20465
17507
12809
16749
15046
18476
24484
17447
15119
23262
30318
19351
21879
21276
21851
22352
25613
24249
19710
28635
24711
22576
30900
25059
29110
25288
22239
31095
30126
31431
31968
30441
30428
29044
36300
31855
34179
37956
32761
29243
40145
39419
35973
31044
34904
38221
39665
32346
45662
42374
41530
45247
45763
36307
43417
38626
36791
37680
32742
40282
37659
43142
35399
26517
35070
43936
39126
35869
38268
41087
32607
39347
28641
34195
27068
29689
28365
29305
28322
31486
25319
31280
27772
34919
27162
28048
26601
28229
24753
29922
18660
19248
24315
26699
23261
25850
25475
22049
28007
19488
21928
21420
25818
22750
19768
20490
19113
18789
20451
24534
19321
28125
26060
25240
20915
20014
23483
21829
24378
21743
20032
22980
23939
20877
23432
24775
25050
22065
17675
18442
16826
20865
15797
20246
25596
22649
28878
22678
15968
17007
19665
20857
18088
18462
24377
27400
21211
21775
19897
17625
22128
19881
13984
17533
16513
20823
12274
16276
13679
14467
12338
21950
13985
14932
16397
14501
14307
17074
16667
16211
12904
15015
12458
11490
14834
15614
13978
11947
13103
18974
18041
15865
17216
14349
15587
16463
14483
15346
15022
13691
17474
16909
14537
10679
14573
11081
11925
11192
11393
17038
17402
13144
16004
11126
13893
12663
12868
11866
9693
11887
10938
12003
17179
12278
11944
17077
9239
14292
13891
11488
9287
16350
11161
9537
9968
20029
13655
13039
11419
9607
7886
5388
7255
8975
11825
10176
8973
10446
8874
9077
15355
10329
8479
9692
8621
13059
9014
12889
11639
11360
10596
9870
9985
15680
16816
9973
12493
7442
10473
14294
8968
8595
7945
8240
8662
7443
5787
12791
14774
6863
8587
10676
8853
7750
5104
8182
11023
7362
7582
7770
9738
9758
10954
10387
9118
12565
9393
5255
8226
10977
14494
10749
10548
5136
5249
11204
9337
8650
10979
12722
8547
5275
12351
7913
7457
6843
4142
11727
5951
8843
9248
7340
8091
7457
10132
9387
7598
9498
5370
4132
9568
7603
12868
10121
13675
11046
4279
8862
8124
7654
6922
8640
8533
9872
9749
6935
12395
11944
11922
8450
12849
12931
5686
10560
10606
12647
10165
5652
9288
10968
7925
10742
10771
6591
10195
10713
12921
7210
11276
8577
8053
8982
10200
7751
7878
4643
8809
8552
11443
5919
8145
8064
5356
2158
4342
4343
6656
8685
5263
11101
9667
9630
2090
3639
7253
4503
6494
14982
3831
6766
8160
1484
3741
9646
5449
7603
4779
8417
3684
2374
3047
3770
10769
5244
5139
9075
5274
3115
8092
2271
5323
7794
4940
7044
4564
7600
7751
9264
3744
5798
1684
4672
8364
4601
5570
3099
4796
5346
4909
12093
813
3677
3914
2310
4847
2504
2593
3922
4046
8053
4996
8799
7117
3095
10372
3975
6556
3261
6614
7219
3234
3158
6519
6543
5088
5635
6615
9775
5453
1723
1630
2509
4878
7359
6586
7289
5954
5593
11716
7529
6633
6854
6500
1752
5579
7498
5070
5618
6696
3367
4098
7681
12087
4133
6680
9775
6458
3532
5150
5875
2703
4110
5239
8461
13717
9499
5336
3349
5208
8601
3516
6053
3588
4316
5881
8743
2535
6153
6205
6851
5355
5295
6073
5061
5146
2776
4570
3370
2548
6364
8149
7989
4519
6235
6116
2643
6050
6159
8656
4505
6013
2664
2766
5361
3530
5320
6423
6184
2650
2757
3694
0
3476
2703
4427
6430
1900
7219
5625
4447
5445
1809
1919
2615
4489
5429
1862
1792
6418
5570
4713
5655
1907
4633
946
5971
2799
1849
2846
3729
4693
5714
967
5403
3753
3816
2741
3777
3697
2848
5574
5524
6500
4692
6591
930
4657
2749
4680
4708
0
2908
5806
5595
981
2915
4851
3764
1872
4674
3743
2863
2911
2864
1983
1974
1002
5736
4790
3937
5917
2030
1944
2891
2988
6717
4856
0
2168
1942
1953
4923
1930
1928
5893
1903
2826
4968
3913
987
982
2019
5974
968
1957
1978
1022
0
1855
1088
3075
945
2047
2928
4231
7118
1107
2055
5022
2991
3069
1911
4184
3100
2016
2187
1970
0
1001
2151
5035
4226
3059
1012
1015
1015
2140
3129
2936
2297
2080
5189
998
1128
954
2055
1060
0
2042
1048
0
0
1091
2230
2014
0
1044
2060
0
0
1062
1034
0
2064
0
977
3255
1983
0
3850
1107
0
3394
3200
3047
2209
1059
0
3211
1003
2064
1059
0
997
1162
0
0
2236
2136
5204
2066
0
0
1085
2321
0
1054
2221
0
1107
1103
1123
2107
987
2205
0
0
1151
2285
1065
1048
0
1094
1109
2306
1114
5573
0
2076
1104
1026
0
1104
0
1094
0
4473
0
1107
2228
1074
0
1077
1084
4486
1043
1085
1211
3653
2214
1161
2208
1081
1081
1115
0
1050
0
1090
1218
0
2238
0
0
0
1065
1144
1163
1824
0
1063
1110
1176
2255
0
1142
3459
1134
1049
0
0
1207
1116
4736
0
0
1154
0
1104
0
0
0
3261
0
0
1229
0
0
1188
1203
1223
2528
1182
1209
1127
1229
0
0
0
0
1124
0
2539
0
1246
1141
1265
0
0
1188
2392
0
0
2425
0
2268
2398
0
3702
0
0
2360
1241
2253
1219
0
1199
0
1265
2399
5061
1168
0
0
0
2550
0
0
0
0
0
0
1121
0
2398
0
1361
1314
1288
0
0
1174
1182
0
0
0
1216
0
0
1308
0
0
1199
0
0
0
1188
0
0
1197
0
1319
1314
1240
0
0
0
1205
0
0
1280
0
4029
0
0
0
0
0
0
3755
2607
0
1292
0
0
0
1229
0
0
0
1336
0
0
0
0
0
1299
0
0
0
0
0
0
0
0
0
0
0
1281
0
0
0
0
0
0
0
0
0
0
0
0
0
0
0
0
0
0
2822
0
0
0
0
0
0
0
1396
0
0
0
1403
0
0
0
0
0
0
0
0
0
0
0
0
0
0
0
0
1360
0
0
0
0
0
0
0
0
0
0
0
0
0
0
1529
0
0
0
0
0
1424
0
0
0
0
0
0
0
0
0
0
0
0
0
0
0
0
0
0
0
0
0
0
0
0
0
0
0
0
0
0
0
0
0
0
0
0
0
0
0
0
0
0
0
0
0
0
0
0
0
0
0
0
0
0
0
0
0
0
0
0
0
0
0
0
0
0
0
0
0
