0
0
0
0
0
0
0
0
0
0
0
0
0
0
0
0
0
0
0
0
0
0
0
0
0
0
0
0
0
0
0
0
0
0
0
0
0
0
0
0
0
0
0
0
42
0
0
0
0
50
0
0
102
45
158
47
0
64
56
108
0
56
112
0
176
118
197
132
66
138
130
192
326
132
434
146
501
146
670
83
221
623
229
447
300
323
159
81
176
151
87
88
174
419
353
185
82
84
178
0
200
687
270
377
313
189
477
0
304
186
409
386
197
212
531
538
325
216
685
348
576
123
324
447
367
865
352
242
743
350
580
615
490
583
735
634
859
378
802
403
813
950
800
783
378
703
399
276
406
403
840
260
1033
289
716
144
741
430
1000
731
779
0
298
317
713
1114
1065
667
637
158
814
483
1283
1423
650
990
1287
1116
1016
691
840
1892
1220
1887
1005
1020
499
1057
1181
1749
1068
1585
1624
693
2062
1418
1957
2515
1102
1883
2056
776
2476
1310
2075
2504
2457
2085
1325
2565
2541
1782
1999
2244
3157
3582
2806
2372
4360
3621
3409
3495
4408
3689
3209
1861
4024
2917
1927
3496
3343
4449
4835
6626
4848
4798
2765
3770
3326
4678
4770
2683
3291
3890
5895
5943
6384
4331
4349
3705
5991
3387
4229
3723
4661
4687
3336
4274
5214
3788
6087
4770
6299
7239
5414
4448
4456
4165
5493
2971
4490
4856
6191
6744
5026
4768
6771
5893
3621
6809
3557
6197
4340
6298
3695
5707
6317
6351
6699
6023
4312
5774
9412
10000
5057
5511
7280
7120
4734
4094
5436
5508
8830
8873
6203
6156
6509
9423
5419
7994
8632
6954
6205
8974
11214
6049
6758
6933
9211
7030
9482
8967
10161
9215
10689
7538
10702
11143
10972
9215
13237
11079
8266
11361
7982
11837
12308
10224
13485
8389
14019
9568
14564
9485
11287
10470
10134
12155
13642
10306
8583
12299
11426
11195
15158
13026
14588
15223
14447
13492
16463
10691
15496
13079
16693
13922
16146
12939
12237
17697
16360
19397
13318
10373
16180
16619
14995
19833
16790
19430
16924
11786
17059
15695
17188
12124
16484
18508
16274
20931
15868
17910
15443
13969
15207
17619
14482
10751
18001
15731
17059
15690
22021
16911
20429
19740
17466
17325
20809
17846
21582
19514
18060
23546
18554
21421
21079
14904
20920
19043
15973
20731
20041
21433
24190
24952
28666
20802
24766
16825
21128
27266
25407
27080
32320
28264
29104
22894
26639
22919
31670
32428
27502
28837
29101
29666
28614
31961
34432
32508
35212
33003
39548
33734
39797
36940
42263
41006
38625
35829
37096
38778
39823
40523
44624
34020
39881
35281
31469
36724
40902
37867
44090
32599
33301
38165
32816
36429
34077
34892
29277
37187
33318
36655
36378
34827
33642
30642
39059
33717
28624
30045
35546
31588
30787
29674
38174
31016
27923
30039
32302
27279
29588
20516
19897
24762
21441
24690
21081
29158
22608
27003
28077
26385
25677
23820
23936
22366
22312
23084
26749
18574
21100
24783
20207
20774
22123
21317
24554
17060
26181
24180
19106
25961
26619
27876
28310
22969
25208
18710
31323
25086
24597
25846
19102
24054
25859
26203
15546
18264
18126
16712
17925
19898
17750
24582
21003
23465
18449
21308
18314
17404
17890
20265
16739
17132
17090
17341
17289
16738
20368
19044
21145
16200
14687
17945
14522
18005
16809
15261
15211
18073
18282
16829
13833
13146
10515
18517
13923
13891
15776
15821
14078
14085
14513
17374
16279
15254
12949
15394
13575
14737
12495
15888
15661
13165
7956
12425
14920
14486
14861
14296
11380
18483
13316
14488
8603
14407
6990
11600
12986
13721
13004
17852
7676
16149
14743
13572
9506
12600
13616
14243
13216
8434
11296
10195
15584
12709
15816
12260
12087
8405
12813
13512
11694
10332
12273
8655
11724
13447
11261
8015
11745
8890
16794
14393
6871
11040
11233
12515
10729
9444
11848
6169
14550
7577
11933
9982
10871
10817
6917
10086
10076
8293
9066
8320
8413
10914
12813
7801
8330
12860
8846
11695
17522
11775
10323
7887
12478
11713
10930
12404
11132
11779
12039
7315
8695
11094
9903
7862
9440
5995
11342
8129
9435
11541
6742
7305
9371
9964
10172
12753
8096
8708
9533
8103
10240
8861
13512
12444
6842
13661
6838
9725
13982
6231
9262
9699
4125
10109
7541
7802
9713
9704
9193
11758
7044
11052
10004
8756
8522
10048
6330
8550
9274
9978
6466
10710
8615
12946
8525
10009
7108
7054
8715
10091
9445
10204
5884
7041
4374
5697
10038
5768
8654
12196
10831
9484
4567
10064
5775
8872
9475
9603
10297
11058
7402
9519
8957
9461
7499
8994
4466
5219
6952
9643
9736
8287
9182
8224
3725
8358
9054
8361
6731
5331
8431
3718
6774
7553
8342
12237
4617
9174
10637
3930
8617
7689
7809
4555
7000
3086
6196
3057
5373
9396
3845
6279
7025
8734
5683
7147
5692
3932
4787
5586
4768
8852
3960
4787
3273
6315
5495
2392
7209
6363
3979
7197
3200
4885
2337
4088
5779
4875
8954
9667
1574
4019
11515
4967
5708
4099
4079
4963
7618
5730
6460
2513
7363
5145
6621
5686
1655
4990
8205
3279
6619
5627
4316
3368
1711
4186
5952
1774
4219
7702
6735
10062
1706
8380
8421
5160
10199
5044
3357
3359
8668
3419
10845
1700
5077
3373
7688
2504
5973
7803
3462
6131
10235
4232
1782
8544
10434
7782
4330
6245
4338
8765
2561
3434
5248
7000
7844
2677
4327
8578
4332
7249
8893
5406
5338
6245
10667
7943
5347
11821
6071
10844
9596
8896
3623
6259
5356
5433
4527
7211
6407
5325
5375
8315
6192
5524
7206
3572
5432
7216
4535
6314
5438
2695
2779
6390
8252
952
1777
2664
4675
7346
6378
975
2775
1791
3629
3673
2682
3731
940
3797
5530
6404
6416
4645
1863
3695
961
5776
3767
2732
1891
4776
1885
7433
5719
4823
1897
2793
2876
2857
5686
5706
1828
3025
3761
2756
2854
1956
3824
3872
1897
985
5898
5661
2904
1895
1900
5009
4829
2803
2966
3894
0
935
6787
4813
3816
953
948
6849
2829
3869
1955
2868
970
2039
5905
1979
1945
3855
7959
3913
1978
962
956
2939
2999
1972
5023
6052
5917
5960
4955
1055
6171
3239
3958
2148
2975
2118
4079
1990
2946
1061
2057
1092
4107
1983
1045
1009
3947
0
3050
1020
2033
3135
998
2027
2032
7266
992
1055
1073
7220
2044
2082
1973
0
0
0
0
3034
5146
1056
3074
2075
1072
0
1037
4116
3097
0
2116
0
0
2162
2076
3237
0
1018
0
1014
3289
2090
2040
0
2181
0
0
1115
1074
2160
2113
1049
4245
3085
2208
1178
2102
1037
1062
0
2181
1041
3342
1128
3215
2219
1052
2194
2261
3270
1076
0
4305
1109
2107
0
0
0
0
1112
1109
3250
1075
3237
1144
1137
0
3430
1163
1180
3482
0
1090
3325
1221
1139
2260
0
0
0
1234
0
2293
1102
2280
1137
0
1142
0
3328
0
4593
3366
1109
1086
1155
1147
0
1175
1130
1179
2311
0
2190
2251
2262
0
1253
0
0
1118
0
0
0
1120
4723
0
0
0
1169
3550
0
0
2336
0
0
0
0
1115
1250
2391
0
0
1185
0
1161
0
1169
1147
1253
2376
0
2295
0
0
2389
1252
0
0
2386
1151
0
0
1173
0
0
3646
0
0
1312
0
1255
2404
1195
1170
0
0
0
1252
0
1257
0
0
1246
1179
3725
1177
2361
3622
0
1227
0
1201
1195
0
0
2672
0
0
1230
0
0
1244
1275
1250
1294
2466
0
0
0
0
0
1222
2459
0
1277
1192
3737
0
0
3725
3912
2437
1329
0
0
1288
0
3770
2499
0
0
1226
0
0
3914
2637
1286
0
2563
0
0
0
1277
0
0
0
0
0
0
1325
0
0
0
1294
0
1241
0
1289
0
0
0
0
1285
0
0
0
0
0
0
0
0
0
0
0
0
0
0
0
0
0
0
0
0
0
1280
0
0
0
0
0
0
0
0
0
0
0
1278
0
1307
0
1304
0
0
2774
0
0
0
0
0
0
0
0
0
0
0
0
0
0
0
0
1336
0
0
0
0
0
2712
0
0
0
0
0
0
0
0
0
0
1358
0
0
0
0
0
0
0
0
0
0
0
0
0
0
0
0
0
0
0
0
0
0
0
0
0
0
0
0
1530
0
0
0
0
0
0
0
0
0
0
0
0
0
0
0
0
0
0
0
0
0
0
0
0
0
0
0
0
0
0
0
0
0
0
0
0
0
0
0
0
0
0
0
0
0
0
0
0
0
0
0
0
0
0
0
0
0
0
0
0
0
0
0
