0
725
7736
64695
126520
201408
318338
430993
600724
499794
18770
20007
20910
21625
23564
24092
26062
27280
28561
30267
6358
6103
6759
8209
7653
7873
8803
7936
9078
10337
10304
11228
11383
11423
11111
12287
13357
13793
12532
12753
12405
13384
13008
15489
14611
15093
13694
15246
15216
15465
1127
924
951
1047
887
1088
1166
1096
1389
941
1555
1013
1475
716
1386
1600
1354
1614
1646
2012
2032
1331
1637
1353
1867
1211
1658
2115
1909
1502
1445
1771
1871
1609
2196
1763
1248
2273
1710
1638
2130
2512
2439
1752
2054
2128
1700
1697
1768
2271
2224
1831
1607
1816
1503
1699
1671
2592
1453
1155
3164
2871
2413
2581
3256
2437
2817
2588
2586
3545
2681
3570
2523
2797
2487
2171
4184
2649
2966
2640
2797
2549
3854
2630
2405
3450
3231
1763
1922
2495
3018
3153
2528
3102
2512
3088
2984
3243
3326
3497
2792
3269
4035
2812
3784
3105
4363
4132
3491
3110
2280
2378
2023
3147
2827
4204
4577
3383
3439
3087
3211
3475
3472
5013
4385
2615
4508
3952
4692
3593
4701
3018
4034
4498
3042
3602
3167
2721
3956
4058
4582
2763
4262
4833
3400
3788
3796
5100
5001
4185
2678
3988
3921
4502
3941
3406
4495
3255
3071
5250
4084
4337
2496
3355
5041
4613
4333
5733
4356
5173
5836
4087
3766
6106
3631
4572
5686
5092
4656
4635
5416
3700
4884
4221
3946
5060
5748
5515
1496
5301
3179
4606
4381
4621
3710
4421
5002
5767
5274
3561
253
0
1043
260
251
0
0
528
0
290
1067
541
530
266
284
0
0
573
272
271
827
571
573
862
267
1144
287
852
0
846
575
0
293
304
0
575
0
0
301
325
297
297
1182
307
315
619
667
629
636
318
928
304
299
0
1236
938
0
306
0
354
328
335
325
340
0
0
672
640
337
0
0
644
988
338
664
0
342
979
329
342
1048
1009
699
359
1034
693
0
344
1052
723
2097
704
374
366
377
701
730
348
383
394
0
379
704
1074
361
0
1099
750
721
356
1133
0
369
0
1148
396
0
381
359
1568
1509
783
386
379
760
1166
0
370
812
0
396
782
0
0
408
382
394
0
808
0
400
0
0
1612
0
850
406
457
823
1267
0
0
0
0
837
0
1730
411
422
826
866
427
871
455
855
0
858
872
1737
0
431
0
1747
0
869
0
443
436
438
1330
988
890
493
916
464
1389
0
0
1340
1352
444
0
0
906
0
461
0
456
470
479
494
1865
952
1449
0
0
474
990
0
1954
0
0
1963
476
483
510
956
499
0
0
473
1010
0
2070
1592
550
579
0
0
0
535
0
1101
0
567
0
535
588
1076
536
0
557
0
551
556
604
0
607
0
555
1135
569
0
0
0
1101
0
2346
0
1170
603
0
1163
567
2358
574
1155
0
0
601
0
0
1204
0
1206
0
0
1216
1803
624
0
1169
596
1204
1220
1244
601
617
0
1258
613
1875
0
1238
624
0
0
0
625
620
613
0
0
0
0
619
1231
617
609
1296
662
1918
621
621
2600
632
637
0
0
658
1939
1327
622
688
640
634
630
691
1261
1320
634
0
694
0
649
0
0
0
1315
0
643
638
667
650
0
694
0
2017
0
686
0
0
684
688
0
0
685
0
1999
2084
2135
1331
680
2109
1434
1414
726
1347
699
0
747
0
0
2058
0
1412
1384
801
740
1416
694
0
716
797
0
1438
690
1421
741
2885
1460
0
0
0
723
0
0
0
1419
0
747
2207
2255
731
726
0
1445
0
2296
2324
1502
0
0
744
0
0
734
2217
740
800
0
763
766
0
768
0
0
753
2316
1493
0
0
0
0
777
1507
792
0
748
1566
0
1532
781
761
777
0
0
849
2383
0
0
1664
2373
0
0
0
1600
0
771
773
795
838
0
0
0
836
770
1641
1590
1691
1615
0
1642
0
813
0
1627
1642
801
810
850
806
888
853
811
0
0
0
843
2567
0
847
0
829
1754
843
0
854
842
879
844
0
854
837
894
884
828
0
860
0
858
899
858
1698
1764
0
863
883
877
0
0
0
0
1781
894
904
868
0
1707
2656
1761
897
912
867
0
882
881
0
880
895
1794
1759
0
1771
904
897
0
1767
886
890
0
0
3678
930
973
0
933
1867
945
0
0
0
933
1802
1861
0
0
954
1881
0
2789
1962
0
951
978
0
2798
0
4756
0
926
0
0
1016
2830
940
960
1938
0
1039
953
0
930
0
0
1955
3026
1966
0
0
1952
0
0
1986
948
1954
975
0
0
0
0
3977
979
0
0
968
1016
0
982
980
0
0
0
0
1003
1005
2031
982
0
0
1018
1997
0
0
1052
0
0
5239
2121
1003
0
1011
2100
0
1034
0
0
0
1050
0
0
0
1037
0
0
2043
2098
0
0
3134
4154
0
2145
0
0
0
2113
0
0
1078
0
1071
1028
0
2111
0
0
2091
1080
1092
1064
0
2169
0
1139
0
1045
0
0
1089
0
0
1066
0
2202
1111
1106
1137
1045
1089
0
1074
0
0
2206
1086
0
0
1117
0
1104
3314
0
1180
2241
2308
1165
1105
2278
0
0
1138
0
0
0
2236
0
0
0
1136
0
1212
2309
2347
1269
1301
0
0
0
1117
0
0
1105
1150
1125
0
0
0
0
2623
1145
0
0
0
0
0
0
0
0
0
0
0
0
0
0
0
0
0
0
0
0
0
0
0
0
0
0
0
0
0
0
0
0
0
0
0
0
0
0
0
0
0
0
0
0
0
0
0
0
0
0
0
0
0
0
0
0
0
0
0
0
0
0
0
0
0
0
0
0
0
0
0
0
0
0
0
0
0
0
0
0
0
0
0
0
0
0
0
0
0
0
0
0
0
0
0
0
0
0
0
0
0
0
0
0
0
0
0
0
0
0
0
0
0
0
0
0
0
0
0
0
0
0
0
0
0
0
0
0
0
0
0
0
0
0
0
0
0
0
0
0
0
0
0
0
0
0
0
0
0
0
0
0
0
0
0
0
0
0
0
0
0
0
0
0
0
0
0
0
0
0
0
0
0
0
0
0
0
0
0
0
0
0
0
0
0
0
0
0
0
0
0
0
0
0
0
0
0
0
0
0
0
0
0
0
0
0
0
0
0
0
0
0
0
0
0
0
0
0
0
0
0
0
0
0
0
0
0
0
0
0
0
0
0
0
0
0
0
0
0
0
0
0
0
0
0
0
0
0
0
0
0
0
0
0
0
0
0
0
0
0
0
0
0
0
0
0
0
0
0
0
0
0
0
0
0
0
0
0
0
0
0
0
0
0
0
0
0
0
0
0
0
0
0
0
0
0
0
0
0
0
0
0
0
0
0
0
0
0
0
0
0
0
0
0
0
0
0
0
0
0
0
0
0
0
0
0
0
0
0
0
0
0
0
0
0
0
0
0
0
0
0
0
0
0
0
0
0
0
0
0
0
0
0
0
0
0
0
0
0
0
0
0
0
0
0
0
0
0
0
0
0
0
0
0
0
0
0
0
0
0
0
0
0
0
0
0
0
0
0
0
0
0
0
0
0
0
0
0
0
0
0
0
0
0
0
0
0
0
0
0
0
0
0
0
0
0
0
0
0
0
0
0
0
0
0
0
0
0
0
0
0
0
0
0
0
0
0
0
0
0
0
0
0
0
0
0
0
0
0
0
0
0
0
0
0
0
0
0
0
0
0
0
0
0
0
0
0
0
0
0
0
0
0
0
0
0
0
0
0
0
0
0
0
0
0
0
0
0
0
0
0
0
0
0
0
0
0
0
0
0
