1218820
1274698
1279526
1301338
1298654
706522
1119503
1263430
1267331
1274180
1271377
1259189
687153
1112384
1272779
1294022
1297733
1293820
1283027
700218
1140250
1290648
1291258
1282285
1283344
1274821
696929
1125061
1287171
1299091
1305753
1364495
1307481
712139
1149092
1296036
1285036
1300280
1307783
1294939
703584
1159532
1315286
1310731
1355793
1286223
1310555
725882
1163704
1300044
1331133
1327246
1301006
1319906
727661
1166817
1324755
1293671
1307110
1324199
1311301
708834
1131954
1293201
1366994
1311643
1292175
1280543
700431
1134438
1287410
1305281
1305097
1295616
1279644
689062
1124254
1278244
1345772
1299576
1301322
1301062
709472
1150683
1299874
1358395
1300047
1296841
1290710
702279
1140179
1286838
1279253
1272801
1287531
1292023
708174
1136609
1342932
1293539

