263284
262551
266128
316360
262070
265269
260286
144392
197360
146988
152434
145412
146892
143200
147154
146574
146194
146564
146173
145836
141846
146580
147147
146368
199233
147446
143485
148001
147326
146579
156393
147140
151266
147443
146093
141966
147608
147256
147320
194218
147125
143385
144777
143737
146357
144104
143637
148360
141658
144572
144900
146422
146196
147437
147615
143306
194543
145298
147211
197495
143019
143376
146734
146999
143058
144757
145853
147858
148115
147462
147158
146948
142834
145553
195539
145746
196869
143743
147132
147321
143730
146540
145437
218060
143429
145204
145604
146426
146625
146648
146604
148025
154733
148825
197223
148226
148141
152625
148067
147206

