2016847
906089
852096
835730
831047
674883
733640
830498
830938
831176
837925
900103
695592
719902
865678
930819
873489
953405
928468
788128
751762
920965
1008637
980272
994475
1015447
844497
856201
1069551
1140291
1148201
1114325
1136011
930209
975575
1270552
1318977
1285271
1316068
1348858
1113887
1141857
1485482
1453666
1561339
1566431
1504157
1203934
1281296
1558510
1528099
1511390
1540030
1511084
1192707
1149248
1395957
1403228
1334317
1282886
1268477
1022905
1058763
1201671
1163739
1124596
1130082
1133235
901804
941566
1073392
1093163
1042866
1035207
1018017
826327
818388
979287
974141
953950
927108
964581
762852
789116
919797
887232
879655
875505
902160
755562
718637
939500
946437
886150
885317
880257
715697
712907
882583
929955

