2840640
2107556
2243298
2232618
2073967
1483302
1818372
2027751
1985395
2143117
2061145
1970135
1427010
1852639
1979979
1976920
2203639
2106678
2066772
1352422
1773212
2084890
2110658
2174429
2190694
2088098
1495417
1832266
2203618
2138037
2324760
2308701
2388853
1531648
2014013
2286404
2378067
2324779
2360278
2402446
1677846
2096587
2545616
2561554
2501258
2592368
2585209
1792107
2268095
2566921
2622255
2556050
2521338
2575406
1743776
2188174
2439812
2481748
2379381
2507906
2444504
1653641
1964621
2326243
2269654
2234729
2258128
2169564
1549182
1858815
2195800
2111727
2169510
2085043
2144396
1403837
1852715
2049209
2110454
2030708
2049661
2019447
1350366
1803765
2009511
2060007
1988147
2052958
2038268
1317699
1705254
2056165
1978630
2040138
1969146
2037619
1307469
1775644
1964241
2035110

