15156361
15122514
14974843
15002862
15288579
12108816
12463672
14867396
14979168
15020872
14919143
14801939
12083683
12355058
15292406
14884128
14986790
14995705
14931421
11896153
12422820
15045885
14995139
14932280
15015647
15481060
12046996
12440386
15019551
15107524
15132236
15065211
15077661
12222197
12648623
15167194
15149414
15326733
15589720
15277395
12266474
12890553
15451822
15458576
15538021
15572442
15629227
12786325
12980062
15589059
15746889
15672254
16133595
15520774
12850046
13142096
15688288
15429019
15612659
15658007
15576132
12411935
12909013
15587567
15544844
15329900
15617861
15589953
12689069
12893639
15299241
15520726
15461325
15496782
15151609
12357373
12801251
15440561
15327357
15183805
15423266
15846939
12493770
12503062
15330208
15379598
15524904
15280610
15269520
12374312
12749898
15831329
15210353
15502611
15435061
16002852
12400006
12637460
15562854
15449982

