14012816
13876614
13661536
13949063
14022780
11370592
11270707
13930461
13989496
14000271
13726484
13682906
11650978
11478540
13861958
13742610
13931293
13990457
13951819
11196355
11732909
13970558
14048574
13980374
14139370
14035171
11635330
11270344
14164945
14125116
14101883
13914604
14544736
11576400
11621440
14016154
14371834
14217026
14341416
14287838
12121484
12070729
14723143
14660098
14960376
14516569
14703174
12244069
12519327
14851505
15030733
14607539
15046188
14970556
12603920
12320254
15153781
14937505
14973971
14911749
15097991
12809000
12493395
14870982
15122798
14897551
14959567
14714771
12420020
12503914
15319887
14722509
14839896
14610839
14570437
12283757
12108391
14696311
14490172
15117400
14589738
15040917
12062324
12411816
14451319
14826027
14667828
14588515
14706260
12172336
12114950
14810412
14779920
14618936
14671117
14643858
12563757
11885671
14738792
14533214

