1017834
1089513
1082858
1155250
1085258
637557
957465
1083133
1083137
1090051
1082772
1082643
594660
959440
1083205
1103299
1087926
1117731
1086138
594240
956891
1084167
1084036
1083638
1083913
1085158
594735
961818
1087229
1086948
1086528
1085514
1086579
596765
963034
1092421
1090334
1090396
1092932
1183149
601730
967230
1196148
1097492
1101850
1099999
1105129
608199
973116
1103793
1103069
1155666
1102764
1101358
609206
970461
1100248
1098211
1096549
1100878
1096270
638307
964119
1097729
1090111
1094038
1087901
1087582
595996
960642
1099071
1086161
1086444
1088920
1085391
594561
957886
1087624
1089106
1088383
1084542
1084511
594931
957811
1085751
1094645
1097231
1085028
1087540
660470
960369
1102742
1098015
1085751
1094681
1141879
610905
959808
1091183
1116618

