236138
267439
236939
246528
234516
242156
234357
127761
128647
127785
135205
129997
130487
127237
126416
129698
127245
125958
126692
125759
126284
126558
125606
125597
125329
125804
125059
125000
125513
125333
124618
124655
124512
124515
124185
124986
124074
124043
124012
126568
123953
124152
130326
124390
123606
123371
123840
123327
122562
122911
122926
128024
122079
122754
122364
121854
121358
121338
121839
121360
120779
126326
121039
121021
120396
120131
120026
119913
120088
120640
119449
119083
119312
119569
119459
119340
119970
119375
119386
119621
119566
119480
119308
119438
120737
120486
121489
120628
120002
129499
119950
123378
119459
120573
121814
125579
122281
121434
158043
124916

