15367600
15258215
15279760
15102944
15281013
9702940
9695093
15045259
15195148
15158984
15113206
14992410
10000363
9725969
15144845
14996918
15152565
15149521
15049674
9706569
9708827
15128411
15414003
15100133
15225485
15226246
9764362
9787726
15322497
15300660
15339531
15450062
15638261
10006528
10002605
15639959
15682482
15698212
15826615
16122054
10312939
10233349
16221818
15959016
16361985
16075944
16162827
10899029
10784401
16247029
16265068
16343074
16389943
16146263
10802737
10652511
16360747
16410237
16237449
16095289
16494921
10782126
10537221
15969096
16262818
16212462
15919357
15849526
10533286
10379977
16098500
15629438
15869930
15882401
15723848
10086785
10137437
15910854
15751496
15946296
15549921
15905728
10184890
10139860
15563121
15850286
15824145
15690926
15551788
10354000
10273571
15753296
15643849
15591806
15925430
15841446
10060303
9998612
15991469
15826866

