1094202
1191990
1262863
1265162
1170767
630751
1033555
1173498
1172057
1268772
1250671
1163630
697501
1124943
1167101
1165291
1290312
1267285
1233764
628077
1022047
1167003
1168000
1265456
1226814
1177277
624931
1020592
1174349
1166644
1201405
1268901
1287722
626550
1027151
1180151
1247390
1174612
1184758
1175410
633890
1028125
1178158
1180235
1179415
1194173
1184981
642661
1042409
1186574
1191306
1202230
1190458
1189598
647044
1038256
1187604
1210526
1183718
1277966
1265373
636907
1031141
1176717
1177711
1175894
1175015
1175364
631372
1025058
1169940
1169029
1167786
1165548
1169403
625299
1020167
1167944
1166762
1166148
1165830
1167893
628284
1021688
1169588
1164938
1166652
1173170
1165755
625865
1020383
1241633
1168773
1239134
1167687
1238224
625343
1023622
1167047
1172433

