245689
248004
247821
247192
246286
314570
244427
200762
135813
204454
143447
134811
144818
140432
137145
133853
135484
136317
134583
133764
133627
133839
135585
136330
137091
134186
133723
133795
133326
133258
141970
135413
190914
133514
200052
134112
134262
133961
133959
133806
133954
133799
133924
136005
133742
133763
133812
133990
133816
134141
200139
134140
134027
133706
133801
133724
133781
180319
133574
139724
139690
133217
133377
133475
133989
134072
133740
133328
133764
133674
133905
133507
133513
133529
200095
134097
133067
133733
133826
133832
134087
133855
133470
135400
134145
134110
134236
134338
134272
134272
133843
136598
139105
134738
135111
134392
134737
205321
134771
200028

