1101527
1202496
1209610
1187291
1175467
647854
1043434
1208008
1204558
1226529
1173934
1178842
672543
1041867
1182519
1197010
1208376
1176648
1241168
654651
1042024
1184567
1178350
1190821
1195788
1197629
658478
1059295
1175673
1177953
1177141
1176790
1178584
649294
1051737
1200800
1239103
1190387
1183458
1182292
653393
1050093
1198582
1188140
1204683
1190898
1196796
666117
1057656
1193051
1238746
1232000
1231462
1194243
659583
1069049
1192845
1200081
1204242
1204864
1220793
655588
1064737
1189198
1203895
1217179
1220192
1193234
660238
1048006
1199148
1179869
1240792
1181681
1230811
647765
1119129
1202992
1260642
1185933
1205037
1177794
646587
1042491
1179055
1176556
1191936
1178567
1179547
656360
1057570
1188963
1175277
1175343
1178335
1176961
647105
1043432
1174948
1232905

