218695
218180
220370
217562
217752
218311
217674
119169
122632
118850
126499
122734
119246
119952
119596
120129
153844
121710
118776
120385
122445
122647
122341
120184
120609
120710
120292
119652
122126
119779
142166
121958
165333
124014
168120
121922
121934
121578
122138
122055
122099
122145
119712
121698
120846
121329
165075
122152
165553
128672
122014
171418
119865
119464
117682
117268
119052
117910
119014
118307
120582
118994
120922
120860
119338
120118
156584
119556
120854
122792
157050
119988
121723
119885
121349
122418
121699
121890
121753
123216
124185
121695
121485
121264
122314
126092
121031
121579
166429
122708
121432
122622
121678
123323
122822
121685
124913
124266
125483
125548

