1461520
722222
643109
702354
709341
544461
550762
701970
727313
631963
708902
664800
615816
576992
745586
693891
745625
702032
712519
633717
707678
817043
842670
802547
872214
830942
753602
740530
946638
889793
949910
938380
980315
866218
908064
1123353
1154371
1188354
1195989
1245517
1055657
1117227
1421914
1471351
1440026
1470210
1402062
1199837
1215656
1472175
1441073
1394106
1306881
1249559
1026059
987676
1163303
1096355
1127203
1044913
1065391
858981
889747
956250
957621
923722
887056
870625
743344
737340
844516
840548
812069
797171
819373
678913
673577
813959
812816
803868
786418
776723
664956
598950
801770
732173
767268
756823
730214
607762
660902
711368
766636
706716
744952
702973
605835
609627
719372
717098

