2781755
2142917
2073100
2107222
2102573
1410643
1811882
2029161
2054514
1977349
2009345
1966386
1407616
1738821
2047711
2011043
2107853
2000401
2072474
1408764
1872159
2124266
2143370
2113564
2188623
2149291
1532385
1919495
2244449
2187535
2269230
2237139
2324244
1639541
2127936
2446085
2515419
2500328
2501595
2549874
1831164
2289478
2740222
2781201
2765566
2782451
2763950
1988118
2438876
2793909
2801842
2797532
2658218
2563278
1803334
2174003
2475211
2414354
2450467
2368092
2406778
1633580
2075419
2266318
2280871
2261029
2263849
2183427
1524450
1908151
2200723
2140414
2174593
2098747
2171545
1449107
1914417
2138851
2195221
2113041
2115652
2076221
1433040
1762717
2103149
2034840
2080245
2056980
2076205
1386842
1839915
2022966
2063601
2005393
2046117
2001635
1377862
1777338
2019814
2075565

