0
0
0
0
0
0
0
0
0
0
0
0
0
0
0
0
0
0
0
0
0
0
0
0
0
0
0
0
0
0
0
0
0
0
0
0
0
0
0
0
0
0
0
0
1
0
0
0
0
1
0
0
2
1
3
1
0
1
1
2
0
1
2
0
3
2
3
2
1
2
2
3
5
2
6
2
7
2
9
1
3
8
3
6
4
4
2
1
2
2
1
1
2
5
4
2
1
1
2
0
2
7
3
4
3
2
5
0
3
2
4
4
2
2
5
5
3
2
6
3
5
1
3
4
3
7
3
2
6
3
5
5
4
5
6
5
7
3
6
3
6
7
6
6
3
5
3
2
3
3
6
2
7
2
5
1
5
3
7
5
5
0
2
2
5
7
7
4
4
1
5
3
8
9
4
6
8
7
6
4
5
11
7
11
6
6
3
6
7
10
6
9
9
4
11
8
11
14
6
10
11
4
13
7
11
13
13
11
7
13
13
9
10
11
16
18
14
12
22
18
17
17
21
18
15
9
19
14
9
17
16
21
23
31
22
22
13
17
15
21
21
12
15
17
26
26
28
19
19
16
26
15
18
16
20
20
14
18
22
16
25
20
26
30
22
18
18
17
22
12
18
20
25
27
20
19
27
23
14
26
14
24
17
24
14
22
24
24
25
23
16
22
35
37
19
20
27
26
17
15
20
20
32
32
22
22
23
34
19
28
30
24
22
31
38
21
23
24
32
24
32
31
34
31
36
25
36
37
36
30
44
37
27
37
26
38
40
33
43
27
45
30
46
30
35
33
32
38
42
32
26
38
35
34
46
40
44
47
43
40
50
32
46
39
50
41
48
38
35
52
48
56
39
30
47
48
43
57
48
55
48
33
48
44
48
34
46
52
45
58
44
49
42
38
41
48
39
29
48
43
46
42
59
45
54
52
46
46
55
47
56
51
47
61
48
55
54
38
53
49
41
53
51
54
61
63
72
52
62
42
52
67
63
67
79
69
71
56
65
55
77
78
66
69
69
71
68
76
81
77
83
78
92
79
93
87
99
95
90
83
85
90
91
93
102
78
91
80
71
83
92
84
99
74
75
85
71
81
76
77
65
82
73
81
80
76
73
67
85
73
62
65
76
68
66
64
82
66
60
64
69
58
62
43
42
52
45
51
44
61
47
56
58
54
53
49
49
46
46
47
55
38
43
49
41
42
45
43
49
34
52
48
38
52
53
55
56
45
50
37
61
49
48
50
37
47
50
51
30
35
35
32
34
38
34
47
40
45
35
41
35
33
34
38
31
32
32
32
32
31
38
35
39
30
27
33
27
33
31
28
28
33
33
31
25
24
19
31
25
25
28
28
25
25
26
31
29
27
23
27
24
26
22
28
27
23
14
22
26
25
26
25
20
32
23
25
15
25
12
20
22
23
22
30
13
27
25
23
16
21
23
24
22
14
19
17
26
21
26
20
20
14
21
22
19
17
20
14
19
22
18
13
19
14
27
23
11
18
18
20
17
15
19
10
23
12
19
16
17
17
11
16
16
13
14
13
13
17
20
12
13
20
14
18
27
18
16
12
19
18
17
19
17
18
18
11
13
17
15
12
14
9
17
12
14
17
10
11
14
15
15
19
12
13
14
12
15
13
20
18
10
20
10
14
20
9
13
14
6
14
11
11
14
14
13
17
10
16
14
12
12
14
9
12
13
14
9
15
12
18
12
14
10
10
12
14
13
14
8
10
6
8
14
8
12
17
15
13
6
14
8
12
13
13
14
15
10
13
12
13
10
12
6
7
9
13
13
11
12
11
5
11
12
11
9
7
11
5
9
10
11
16
6
12
14
5
11
10
10
6
9
4
8
4
7
12
5
8
9
11
7
9
7
5
6
7
6
11
5
6
4
8
7
3
9
8
5
9
4
6
3
5
7
6
11
12
2
5
14
6
7
5
5
6
9
7
8
3
9
6
8
7
2
6
10
4
8
7
5
4
2
5
7
2
5
9
8
12
2
10
10
6
12
6
4
4
10
4
13
2
6
4
9
3
7
9
4
7
12
5
2
10
12
9
5
7
5
10
3
4
6
8
9
3
5
10
5
8
10
6
6
7
12
9
6
13
7
12
11
10
4
7
6
6
5
8
7
6
6
9
7
6
8
4
6
8
5
7
6
3
3
7
9
1
2
3
5
8
7
1
3
2
4
4
3
4
1
4
6
7
7
5
2
4
1
6
4
3
2
5
2
8
6
5
2
3
3
3
6
6
2
3
4
3
3
2
4
4
2
1
6
6
3
2
2
5
5
3
3
4
0
1
7
5
4
1
1
7
3
4
2
3
1
2
6
2
2
4
8
4
2
1
1
3
3
2
5
6
6
6
5
1
6
3
4
2
3
2
4
2
3
1
2
1
4
2
1
1
4
0
3
1
2
3
1
2
2
7
1
1
1
7
2
2
2
0
0
0
0
3
5
1
3
2
1
0
1
4
3
0
2
0
0
2
2
3
0
1
0
1
3
2
2
0
2
0
0
1
1
2
2
1
4
3
2
1
2
1
1
0
2
1
3
1
3
2
1
2
2
3
1
0
4
1
2
0
0
0
0
1
1
3
1
3
1
1
0
3
1
1
3
0
1
3
1
1
2
0
0
0
1
0
2
1
2
1
0
1
0
3
0
4
3
1
1
1
1
0
1
1
1
2
0
2
2
2
0
1
0
0
1
0
0
0
1
4
0
0
0
1
3
0
0
2
0
0
0
0
1
1
2
0
0
1
0
1
0
1
1
1
2
0
2
0
0
2
1
0
0
2
1
0
0
1
0
0
3
0
0
1
0
1
2
1
1
0
0
0
1
0
1
0
0
1
1
3
1
2
3
0
1
0
1
1
0
0
2
0
0
1
0
0
1
1
1
1
2
0
0
0
0
0
1
2
0
1
1
3
0
0
3
3
2
1
0
0
1
0
3
2
0
0
1
0
0
3
2
1
0
2
0
0
0
1
0
0
0
0
0
0
1
0
0
0
1
0
1
0
1
0
0
0
0
1
0
0
0
0
0
0
0
0
0
0
0
0
0
0
0
0
0
0
0
0
0
1
0
0
0
0
0
0
0
0
0
0
0
1
0
1
0
1
0
0
2
0
0
0
0
0
0
0
0
0
0
0
0
0
0
0
0
1
0
0
0
0
0
2
0
0
0
0
0
0
0
0
0
0
1
0
0
0
0
0
0
0
0
0
0
0
0
0
0
0
0
0
0
0
0
0
0
0
0
0
0
0
0
1
0
0
0
0
0
0
0
0
0
0
0
0
0
0
0
0
0
0
0
0
0
0
0
0
0
0
0
0
0
0
0
0
0
0
0
0
0
0
0
0
0
0
0
0
0
0
0
0
0
0
0
0
0
0
0
0
0
0
0
0
0
0
0
