0
0
0
0
0
0
0
0
0
0
0
0
0
0
0
0
0
0
0
0
0
0
0
0
0
0
0
0
0
0
0
0
0
0
0
0
0
0
0
0
0
0
0
0
0
0
0
0
0
0
0
17
0
19
0
0
21
22
46
0
0
0
73
26
28
27
115
58
58
148
91
96
127
65
102
34
103
107
115
75
195
241
287
164
167
171
88
133
46
185
190
95
101
199
255
152
52
104
112
163
226
0
0
176
181
303
253
127
130
262
540
206
346
488
147
146
0
298
373
236
76
476
476
243
164
332
84
513
349
261
270
826
372
744
373
572
690
296
504
400
613
628
940
211
322
768
668
352
341
689
266
133
817
412
417
549
0
1146
864
275
739
565
873
749
876
574
915
442
294
618
443
1206
447
1097
1272
773
624
1383
515
1127
1334
2201
818
659
1305
1478
335
998
988
1589
1158
1366
1024
1206
2302
1944
1202
1629
1961
1720
1430
1059
2851
2161
1786
3035
1277
1613
2000
1676
2952
2408
2944
2268
3209
2797
4031
2839
3058
3426
3322
3521
2544
1964
3110
2996
4011
1972
2831
3982
5041
3049
3695
2655
4345
3084
3098
4237
5654
5273
3049
3750
5058
3203
3975
3887
3480
3891
4437
3947
4127
4003
2862
3977
5153
4472
6129
4144
4916
2658
4808
6266
4400
3504
7217
5717
4940
4624
3313
6705
4311
2422
4087
4847
5400
5695
6107
4910
6839
6606
4379
6225
6171
4488
6403
5581
3865
4254
5680
4569
6279
4868
5915
5924
8071
8312
5778
8146
6626
5075
5593
3856
5277
7237
5626
5872
8364
8477
5404
9527
8494
4345
7189
8404
7013
9860
9450
7574
8061
9745
8414
8260
9563
7104
9518
7162
12594
9570
7171
7145
11258
7720
8816
11491
10425
8673
14465
10748
6892
9204
10289
12558
8683
12193
12242
13040
6718
12237
9916
9198
12950
10022
13970
10308
14418
11009
9561
10701
9798
14377
14639
14765
14444
11426
14165
12975
12032
14402
10158
20386
17426
12353
14487
12582
20443
14909
14387
13742
14438
18720
15235
17412
16963
22762
16842
12948
18081
15922
19389
15482
14723
21438
17943
19904
13422
19778
20499
12427
15813
17589
23397
15952
13506
12528
15769
16705
13711
18177
15316
22068
17850
16413
21875
16612
19654
16756
12569
16009
14195
18029
23576
16803
14480
22182
29189
18405
21239
20322
20808
21169
24536
23361
18581
27473
23596
21625
29580
23879
28061
24371
21457
29899
28963
30476
31008
29620
29070
27825
34742
30843
33115
36669
31642
28131
38469
37903
34924
29796
33782
36792
38079
31313
44147
40606
40294
43753
44022
34911
41805
36926
35538
36395
30965
38749
35929
41597
33663
25508
34027
41742
37476
34283
36959
40498
31447
37809
27611
33241
26304
28839
27546
28210
27578
30488
24104
30517
26992
33811
26054
26974
25745
27136
23727
28652
17778
18357
23531
25952
22386
24691
24721
20971
26874
19105
21052
20514
24518
21755
19232
19965
18444
18007
19793
23825
18512
27048
24911
24771
19916
19200
22639
21139
23019
21212
19409
22097
23190
19966
22566
23807
24170
21251
17142
17864
16037
20240
14961
19428
24714
21576
27091
22017
15801
16091
19101
20100
17352
18079
23124
26352
20378
20777
19721
17026
21097
18985
13357
16905
16127
20013
11951
15108
13348
14044
11980
20942
13190
14329
15811
13882
13852
16555
16009
15532
12489
14610
12076
11307
14105
15029
13554
11341
12746
18424
17468
15284
16560
13694
14841
16134
14034
14854
14564
13337
16621
16425
13980
10182
14137
10671
11432
10740
11084
16370
16534
12600
15409
10834
13409
12160
12114
11513
9360
11634
10475
11568
16631
11744
11211
16721
8792
13982
13342
10553
8940
15764
10694
9116
9563
19064
12994
12462
10732
9449
7788
5164
6935
8578
11495
9838
8623
9799
8687
8707
15039
9926
8063
9247
8205
12565
8861
12465
11179
11106
9971
9587
9425
15429
16154
9351
11930
7185
10007
13673
8466
8224
7740
7790
8321
7250
5485
12241
14099
6717
8401
10317
8446
7467
4960
8136
10424
7223
7337
7482
9240
9295
10458
9955
8745
11933
9156
4951
7442
10584
14018
10123
10154
4912
5080
10802
8896
8370
10819
12238
8209
5184
11965
7699
7376
6412
4016
11345
5676
8569
9081
7111
7750
7047
9639
9120
7150
9240
5067
3915
9298
7240
12396
9840
13142
10563
3994
8638
7892
7344
6676
8294
8074
9418
9421
6655
11620
11524
11429
8176
12080
12089
5369
10009
10230
12074
9663
5392
8927
10952
7450
10454
10340
6524
10074
10637
12323
6838
10997
8347
7631
8847
9737
7551
7732
4408
8379
8376
11033
5737
7924
7739
5039
2082
4273
4333
6324
8393
5038
10694
9163
9193
2100
3578
7085
4358
6427
14240
3714
6386
7820
1446
3583
9325
5207
7201
4616
7979
3553
2232
2885
3595
10286
5091
5009
8858
5135
3021
6641
2189
5235
7573
4599
6636
4395
7471
7406
9001
3672
5641
1524
4557
7494
4605
5241
2944
4501
5344
4704
11813
746
3651
3758
2280
4583
2373
2415
3700
3903
7698
4724
8413
6762
2999
10102
3830
6148
3189
6637
6915
3050
3087
6391
6182
4820
5458
6319
9395
5468
1629
1599
2587
4657
6986
6337
7066
5485
4709
11138
7267
6325
6414
6274
1616
5533
7306
4935
5553
6504
3210
4086
7285
11266
4086
6511
8896
6318
3324
4990
5668
2535
4038
4927
8159
13478
9075
4958
3215
4886
8251
3310
5757
3364
4121
5762
8477
2394
5995
5940
6619
5094
5050
5864
4963
4990
2624
4254
3319
2517
6016
7840
7620
4171
5966
5873
2567
5910
5861
8241
4453
6019
2546
2563
5155
3396
5108
5995
6046
2507
2597
3431
0
3478
2611
4275
6040
1776
7031
5288
4315
5242
1727
1849
2589
4374
5226
1731
1752
6141
5341
4500
5401
1726
4350
860
7319
2695
1782
2713
3587
4489
5522
915
5238
3649
3605
2702
3931
3476
2684
5377
5273
6251
4496
6393
868
4422
2690
4648
4544
0
2721
5577
5397
925
2765
4768
3670
1797
4473
3596
2768
2823
2704
1859
1855
970
5802
4555
3735
5611
1835
1811
2809
2780
6501
4691
0
1925
1896
1945
4626
1820
1835
5718
1829
2706
4742
3709
934
926
1935
5671
927
1968
1915
994
0
1911
936
2903
924
1866
2838
4050
6759
959
1917
4665
2871
2895
2112
3945
2892
1938
2064
1915
0
990
1960
4920
6194
2978
939
979
967
1999
2931
2849
2058
1938
4985
1030
1000
937
2019
971
0
2014
959
0
0
994
1995
1953
0
970
2004
0
0
993
996
0
1967
0
990
3104
1962
0
3024
982
0
3066
3027
2950
2029
1029
0
3036
1000
2070
1015
0
1018
1084
0
0
2129
2038
5088
2043
0
0
1006
2106
0
1026
2099
0
1111
1024
1033
2026
1017
2115
0
0
1050
2092
1051
1035
0
1033
1070
2163
1054
5340
0
2063
1034
1038
0
1032
0
1048
0
4333
0
1114
2098
1040
0
1126
1065
4308
1040
1065
1093
3379
2170
1046
2129
1106
1070
1079
0
1091
0
1068
1072
0
2143
0
0
0
1064
1065
1110
1076
0
1075
1063
1152
2185
0
1105
3294
1084
1046
0
0
1101
1064
4465
0
0
1119
0
1123
0
0
0
3277
0
0
1098
0
0
1108
1162
1118
2374
1125
1206
1121
1171
0
0
0
0
1138
0
2416
0
1171
1146
1130
0
0
1121
2286
0
0
2359
0
2305
2295
0
3502
0
0
2290
1138
2276
1142
0
1133
0
1162
2332
4914
1204
0
0
0
2318
0
0
0
0
0
0
1137
0
2318
0
1261
1202
1269
0
0
1140
1210
0
0
0
1168
0
0
1235
0
0
1197
0
0
0
1228
0
0
1192
0
1192
1211
1205
0
0
0
1265
0
0
1211
0
4237
0
0
0
0
0
0
3568
2472
0
1230
0
0
0
1225
0
0
0
1249
0
0
0
0
0
1196
0
0
0
0
0
0
0
0
0
0
0
1247
0
0
0
0
0
0
0
0
0
0
0
0
0
0
0
0
0
0
2555
0
0
0
0
0
0
0
1303
0
0
0
1259
0
0
0
0
0
0
0
0
0
0
0
0
0
0
0
0
1293
0
0
0
0
0
0
0
0
0
0
0
0
0
0
1349
0
0
0
0
0
1382
0
0
0
0
0
0
0
0
0
0
0
0
0
0
0
0
0
0
0
0
0
0
0
0
0
0
0
0
0
0
0
0
0
0
0
0
0
0
0
0
0
0
0
0
0
0
0
0
0
0
0
0
0
0
0
0
0
0
0
0
0
0
0
0
0
0
0
0
0
