0
0
0
0
0
0
0
0
0
0
0
0
0
0
0
0
0
0
0
0
0
0
0
0
0
0
0
0
0
0
0
0
0
0
0
0
0
0
0
0
0
0
0
0
17
0
0
0
0
20
0
0
41
20
66
23
0
27
24
56
0
27
59
0
90
62
94
68
32
70
70
104
177
73
237
79
275
80
370
41
130
344
136
272
182
189
95
52
100
100
52
52
111
279
224
113
62
59
118
0
124
451
193
258
204
131
355
0
210
144
293
295
157
152
391
403
241
167
506
255
425
93
261
363
275
680
290
191
581
314
497
491
401
518
622
533
754
329
660
331
677
804
681
711
362
626
364
250
372
371
843
269
996
293
696
144
737
438
1022
736
786
0
313
308
720
1057
1078
619
626
157
776
458
1286
1425
651
950
1287
1126
976
673
843
1885
1195
1855
1007
1011
511
1043
1185
1718
1053
1568
1586
683
2019
1426
1912
2494
1099
1824
2030
761
2416
1312
2044
2494
2457
2079
1329
2489
2497
1756
1978
2165
3160
3556
2755
2326
4372
3564
3391
3441
4257
3667
3191
1833
3996
2871
1871
3573
3253
4449
4821
6553
4813
4807
2748
3691
3257
4689
4684
2717
3276
3723
5947
5833
6237
4292
4311
3669
5899
3365
4169
3641
4668
4782
3248
4226
5198
3762
6046
4762
6140
7129
5346
4325
4448
4162
5460
2908
4481
4924
6202
6819
4991
4812
6823
5860
3626
6639
3577
6117
4380
6257
3600
5640
6249
6259
6635
6024
4145
5747
9412
9917
5106
5372
7299
7091
4668
4095
5419
5445
8740
8911
6065
6056
6466
9440
5391
7892
8498
6817
6126
8846
11070
6035
6624
7006
9296
6983
9367
8916
10010
9088
10688
7392
10791
11231
10906
9119
13276
11064
8232
11152
7863
11727
12211
10174
13274
8311
13956
9467
14534
9469
11198
10602
10116
12112
13568
10141
8519
12378
11407
11036
14940
12882
14477
15290
14217
13225
16413
10591
15310
12965
16542
13712
16021
12819
11977
17532
16439
19126
13268
10265
16292
16412
14846
19699
16596
19233
16662
11689
16812
15411
16997
12031
16367
18438
15992
20641
15643
17516
15431
13972
15018
17515
14458
10529
17754
15795
16996
15452
21801
16880
20033
19489
17329
17167
20596
17793
21373
19106
17930
23224
18390
21103
20818
14686
20668
18968
15908
20663
19810
21149
23922
24821
28289
20554
24703
16564
20934
26734
25089
27073
31741
27959
28805
22752
26227
22742
31480
32048
27370
28579
28834
29196
28245
31692
34014
32336
34769
32831
39035
33698
39577
36726
42250
40529
38406
35455
36594
38683
39327
40415
43953
34111
39528
34846
31132
36440
40485
37097
43907
32726
33221
37940
31618
36153
34105
34748
29262
37297
33023
36469
36086
34818
33548
30545
38520
33600
28364
30064
35199
31318
30516
29535
38021
30880
27827
30178
32228
27362
29324
20338
19981
24566
21322
24475
21064
29022
22387
26627
28152
26104
25564
23765
23836
22513
22152
23195
26794
18524
21310
24265
20471
20807
22305
21594
24315
17122
26266
23955
18809
25961
26860
27807
28381
22565
25309
18684
31069
24742
24559
25866
18982
24178
25537
26024
15378
18134
18241
16708
17635
19821
17568
24657
21090
23478
18384
21509
18607
17366
17975
20347
16449
16935
16971
17276
17065
16777
20227
18699
21135
16042
14704
17952
14554
17808
16783
15277
15245
18102
18182
16808
13844
13062
10470
17296
13697
14046
15403
15574
13827
13938
14448
17273
16210
15048
12821
15342
13495
14753
12529
15945
15443
13093
8002
12546
15043
14283
15027
14476
11451
18660
13497
14630
8621
14397
6898
11701
13091
13375
12937
17678
7694
16026
14671
13423
9477
12399
13425
14172
13044
8362
11360
10049
15677
12621
15973
12157
12002
8636
12789
13543
11713
10360
12305
8583
11669
13349
11187
7955
11783
8757
16584
14190
6802
11104
11033
12296
10605
9468
11787
6210
14375
7614
12006
10286
10812
10865
7140
10141
10232
8289
9052
8309
8283
10898
12796
7781
8355
12786
8907
11608
17436
11727
10086
8093
12547
11924
11047
12307
11203
11959
11864
7309
8721
11222
9851
7955
9323
5899
11432
8116
9436
11437
6672
7317
9384
9891
10266
12847
8175
8736
9453
8104
10134
8923
13596
12309
6807
13623
6808
9762
13906
6175
9233
9649
4171
9760
7530
7655
9811
9740
8919
11983
6964
11079
9803
8629
8467
9854
6251
8602
9383
9920
6379
10655
8569
12841
8516
10077
7031
7243
8617
10046
9268
10190
5787
7063
4432
5766
11912
5920
8554
12327
10934
9624
4349
10242
5795
8712
9372
9621
10216
11130
7586
9631
9075
9602
7474
9115
4456
5150
6984
9557
9628
8517
9132
8192
3804
8173
9210
8174
6655
5225
8374
3804
6846
7608
8289
12251
4720
9092
10695
3855
8452
7676
7739
4614
6958
3096
6336
3035
5410
9548
3829
6184
7086
8763
5509
6985
5419
4033
4857
5541
4679
8622
3884
4610
3189
6334
5489
2357
7124
6360
3981
7207
3195
4879
2399
4048
5626
4684
8882
9706
1609
3976
11584
4945
5691
4044
4106
4910
7396
5719
6404
2478
7430
4905
6568
5793
1683
4965
8260
3299
6498
5758
4104
3249
1810
4200
5776
1797
4158
7675
6724
10016
1734
8375
8361
5025
10323
4990
3337
3412
8523
3388
10973
1675
5044
3450
7710
2514
5884
7898
3497
6116
10195
4197
1811
8450
10482
7861
4365
6211
4271
8624
2600
3464
5293
7057
7843
2682
4361
8643
4309
7022
8834
5388
5260
6319
10649
7967
5319
11748
6184
10710
9885
9089
3529
6115
5352
5458
4469
7183
6312
5435
5312
8146
6235
5335
7200
3563
5373
7260
4540
6342
5370
2727
2674
6328
8147
909
1749
2646
4591
7441
6419
1071
2703
1782
3614
3663
2756
3710
981
3824
5488
6364
6462
4558
1854
3686
971
5586
3659
2837
1855
4653
1826
7604
5620
4795
1850
2780
2809
2958
5682
5595
1884
3095
3744
2794
2809
1993
3757
3740
1888
975
5651
5806
2930
1974
1992
4889
4787
2836
2977
3893
0
966
6852
4846
3834
944
933
6678
2843
3995
1890
2852
975
1931
5839
1955
1928
3958
8039
4019
1969
989
963
2924
2946
1972
4931
5923
5963
5805
5072
1013
6067
3225
3844
2027
2958
2160
4042
2024
3035
1112
2168
1139
3987
1966
1008
1001
3929
0
3008
1033
2008
2991
1022
2000
2028
7298
1048
1113
1010
7434
2058
2088
2082
0
0
0
0
2973
5234
1064
3179
2081
1013
0
1068
4061
3108
0
2058
0
0
2075
2065
3181
0
1008
0
1031
3174
2060
2080
0
2066
0
0
1065
1064
2139
2102
1133
4174
3150
2184
1044
4043
1030
1060
0
2057
1024
3422
1061
3422
2106
1039
2162
2231
3184
1095
0
4338
1050
2133
0
0
0
0
1068
1164
3300
1103
3248
1166
1133
0
3288
1081
1087
3482
0
1062
3284
1070
1117
2253
0
0
0
1122
0
2151
1095
2261
1148
0
1111
0
3351
0
4554
3365
1136
1090
1082
1120
0
1140
1132
1117
2346
0
2247
2197
2287
0
1229
0
0
1122
0
0
0
1116
4769
0
0
0
1169
3608
0
0
2269
0
0
0
0
1125
1127
2406
0
0
1201
0
1153
0
1165
1161
1191
2375
0
2327
0
0
2366
1227
0
0
2366
1154
0
0
1188
0
0
3815
0
0
1198
0
1195
2455
1251
1193
0
0
0
1235
0
1227
0
0
1201
1193
3754
1168
2391
3594
0
1263
0
1198
1193
0
0
2713
0
0
1215
0
0
1222
1328
1240
1297
2463
0
0
0
0
0
1234
2470
0
1263
1205
3741
0
0
3680
3710
2491
1302
0
0
1237
0
3768
2572
0
0
1238
0
0
3819
2784
1232
0
2584
0
0
0
1280
0
0
0
0
0
0
1216
0
0
0
1273
0
1238
0
1335
0
0
0
0
1299
0
0
0
0
0
0
0
0
0
0
0
0
0
0
0
0
0
0
0
0
0
1268
0
0
0
0
0
0
0
0
0
0
0
1288
0
1287
0
1332
0
0
2719
0
0
0
0
0
0
0
0
0
0
0
0
0
0
0
0
1320
0
0
0
0
0
2654
0
0
0
0
0
0
0
0
0
0
1338
0
0
0
0
0
0
0
0
0
0
0
0
0
0
0
0
0
0
0
0
0
0
0
0
0
0
0
0
1482
0
0
0
0
0
0
0
0
0
0
0
0
0
0
0
0
0
0
0
0
0
0
0
0
0
0
0
0
0
0
0
0
0
0
0
0
0
0
0
0
0
0
0
0
0
0
0
0
0
0
0
0
0
0
0
0
0
0
0
0
0
0
0
