0
114
220
618
984
2296
7226
18949
47913
61219
2211
2597
3465
3618
4159
4957
5643
6109
6704
7510
1564
1612
1803
2239
2141
2298
2547
2236
2620
3036
3052
3361
3455
3534
3539
3948
4355
4645
4212
4377
4271
4658
4627
5590
5306
5586
5151
5892
5982
6132
450
379
392
396
359
434
462
466
573
406
697
418
630
320
614
722
615
775
800
960
974
669
787
686
945
612
817
1078
994
780
743
934
976
837
1198
973
707
1286
990
913
1228
1481
1444
1029
1199
1292
1030
1041
1079
1448
1386
1125
1020
1173
943
1081
1084
1670
934
783
2177
1898
1555
1775
2141
1636
1876
1763
1735
2453
1885
2441
1775
1950
1714
1565
3024
1907
2150
1935
2073
1779
2879
1938
1784
2622
2436
1342
1497
1888
2344
2513
1955
2420
2070
2482
2451
2667
2732
2875
3462
3796
4885
3227
4626
3903
5188
4749
4186
3998
2857
2783
2649
3935
3282
5350
5682
3862
4076
3623
3643
4160
3822
6189
5079
2912
5005
4717
5429
4329
5421
3635
4558
5104
6161
4232
3807
3240
4833
4591
5056
2977
5039
5653
4055
4601
4580
5896
5568
4517
3221
4476
4421
5192
4622
4280
4978
3635
3499
6091
4770
5010
2848
3684
5881
5229
4846
6252
5040
5902
6983
4714
4185
7074
3920
5214
6332
5810
5363
5513
6137
4163
5736
5050
4831
5705
6505
6195
1789
6116
3637
5482
4783
5426
4398
5090
5726
6363
6038
4079
276
0
1264
280
287
0
0
566
0
261
1232
543
555
292
278
0
0
617
310
310
852
735
599
933
334
1293
294
1111
0
983
654
0
311
337
0
630
0
0
324
368
319
332
1233
329
341
639
735
647
716
325
1023
357
327
0
1550
1077
0
333
0
317
398
340
338
316
0
0
714
706
385
0
0
807
1170
339
761
0
435
1182
387
360
1336
1115
744
391
1125
757
0
383
1100
705
2431
768
428
413
390
771
745
348
391
370
0
501
801
1206
398
0
1161
839
776
429
1209
0
421
0
1208
415
0
378
485
1628
1692
783
428
596
850
1251
0
543
943
0
425
859
0
0
400
418
400
0
886
0
458
0
0
1729
0
856
428
443
959
1276
0
0
0
0
897
0
1862
431
451
865
885
459
915
476
1051
0
964
900
2063
0
452
0
1825
0
1068
0
497
486
501
1397
1076
1008
477
1024
462
1544
0
0
1499
1443
477
0
0
1100
0
499
0
532
611
500
523
2061
962
1592
0
0
642
993
0
2228
0
0
2033
492
610
553
1003
529
0
0
588
1197
0
2305
1694
599
551
0
0
0
528
0
1107
0
565
0
637
603
1139
580
0
581
0
722
582
556
0
592
0
705
1199
633
0
0
0
1294
0
2427
0
1290
576
0
1210
708
2522
619
1266
0
0
599
0
0
1231
0
1347
0
0
1437
1812
629
0
1350
760
1222
1322
1263
624
628
0
1236
660
1927
0
1334
673
0
0
0
656
703
649
0
0
0
0
696
1300
774
653
1463
647
1960
666
662
2805
714
644
0
0
642
2155
1267
705
661
781
673
728
686
1417
1420
801
0
661
0
791
0
0
0
1432
0
702
761
718
706
0
697
0
2140
0
669
0
0
776
726
0
0
691
0
2261
2230
2167
1749
697
2140
1446
1691
716
1611
712
0
720
0
0
2276
0
1433
1708
770
734
1473
737
0
745
784
0
1616
746
1587
821
3234
1537
0
0
0
723
0
0
0
1593
0
1016
2296
2405
770
1037
0
1664
0
2440
2311
1659
0
0
785
0
0
760
2564
904
800
0
752
792
0
936
0
0
772
2644
1894
0
0
0
0
823
1805
881
0
843
1614
0
1701
821
854
865
0
0
774
2533
0
0
1642
2841
0
0
0
1666
0
797
866
922
832
0
0
0
994
1060
1665
1722
1661
1673
0
1730
0
955
0
1922
1717
986
892
881
873
854
924
849
0
0
0
999
2614
0
826
0
875
1710
916
0
1043
968
914
908
0
890
866
980
948
872
0
944
0
949
968
877
1912
1936
0
892
927
995
0
0
0
0
1833
980
1093
941
0
1919
3015
1835
903
900
1160
0
970
934
0
967
888
1817
1890
0
2000
1122
1078
0
2153
954
907
0
0
3919
980
915
0
1022
1976
972
0
0
0
1008
1836
1923
0
0
938
1969
0
2939
1928
0
1032
1008
0
2950
0
5113
0
1042
0
0
950
3213
1017
1086
2473
0
1031
1033
0
1064
0
0
2227
2993
2021
0
0
2079
0
0
2140
989
2008
1131
0
0
0
0
4117
1044
0
0
976
1023
0
1009
969
0
0
0
0
1035
1148
2250
1042
0
0
1082
2057
0
0
1037
0
0
5522
2107
1096
0
1044
2100
0
1028
0
0
0
1109
0
0
0
1129
0
0
2344
2183
0
0
3216
4509
0
2304
0
0
0
2306
0
0
1114
0
1144
1220
0
2185
0
0
2271
1117
1112
1159
0
2246
0
1064
0
1144
0
0
1080
0
0
1221
0
2298
1155
1086
1142
1240
1170
0
1176
0
0
2264
1121
0
0
1144
0
1157
3671
0
1212
2378
2320
1164
1292
2421
0
0
1250
0
0
0
2341
0
0
0
1491
0
1148
2658
2376
1161
1208
0
0
0
1235
0
0
1232
1256
1197
0
0
0
0
2314
1212
0
0
0
0
0
0
0
0
0
0
0
0
0
0
0
0
0
0
0
0
0
0
0
0
0
0
0
0
0
0
0
0
0
0
0
0
0
0
0
0
0
0
0
0
0
0
0
0
0
0
0
0
0
0
0
0
0
0
0
0
0
0
0
0
0
0
0
0
0
0
0
0
0
0
0
0
0
0
0
0
0
0
0
0
0
0
0
0
0
0
0
0
0
0
0
0
0
0
0
0
0
0
0
0
0
0
0
0
0
0
0
0
0
0
0
0
0
0
0
0
0
0
0
0
0
0
0
0
0
0
0
0
0
0
0
0
0
0
0
0
0
0
0
0
0
0
0
0
0
0
0
0
0
0
0
0
0
0
0
0
0
0
0
0
0
0
0
0
0
0
0
0
0
0
0
0
0
0
0
0
0
0
0
0
0
0
0
0
0
0
0
0
0
0
0
0
0
0
0
0
0
0
0
0
0
0
0
0
0
0
0
0
0
0
0
0
0
0
0
0
0
0
0
0
0
0
0
0
0
0
0
0
0
0
0
0
0
0
0
0
0
0
0
0
0
0
0
0
0
0
0
0
0
0
0
0
0
0
0
0
0
0
0
0
0
0
0
0
0
0
0
0
0
0
0
0
0
0
0
0
0
0
0
0
0
0
0
0
0
0
0
0
0
0
0
0
0
0
0
0
0
0
0
0
0
0
0
0
0
0
0
0
0
0
0
0
0
0
0
0
0
0
0
0
0
0
0
0
0
0
0
0
0
0
0
0
0
0
0
0
0
0
0
0
0
0
0
0
0
0
0
0
0
0
0
0
0
0
0
0
0
0
0
0
0
0
0
0
0
0
0
0
0
0
0
0
0
0
0
0
0
0
0
0
0
0
0
0
0
0
0
0
0
0
0
0
0
0
0
0
0
0
0
0
0
0
0
0
0
0
0
0
0
0
0
0
0
0
0
0
0
0
0
0
0
0
0
0
0
0
0
0
0
0
0
0
0
0
0
0
0
0
0
0
0
0
0
0
0
0
0
0
0
0
0
0
0
0
0
0
0
0
0
0
0
0
0
0
0
0
0
0
0
0
0
0
0
0
0
0
0
0
0
0
0
0
0
0
0
0
0
0
0
0
0
0
0
0
0
0
