1023369
1103915
1095738
1105356
1094071
594419
975518
1094074
1092979
1091724
1095063
1098173
595032
970360
1100244
1109160
1141980
1094696
1147865
595267
1012530
1095592
1110070
1094166
1106699
1199101
641482
984350
1096582
1100085
1100038
1101043
1106506
598390
982595
1113482
1100140
1102012
1102645
1107897
601709
976079
1152917
1110076
1109490
1113880
1112949
610261
983979
1123650
1123937
1119811
1119442
1125554
614001
983070
1130317
1115099
1134484
1112597
1160664
606434
976069
1108937
1103346
1105880
1117255
1103491
601027
988465
1099536
1098816
1098473
1096064
1096362
597846
973968
1114515
1105497
1109649
1103420
1094039
596320
969082
1097965
1151953
1187570
1204785
1116746
599904
966725
1093785
1146148
1106414
1108638
1097175
594571
964030
1091454
1095093

