242896
243133
242577
241733
242716
305732
241740
199112
134259
184440
140211
134728
136752
136289
133034
133098
132220
132929
132562
133695
132021
140287
138201
133165
132094
132517
132307
132391
132634
132526
132000
132296
132401
132400
132110
132383
133390
132487
133571
132836
132554
133244
132984
133162
132683
132784
132459
132546
132656
133934
132896
199426
133115
132429
132708
132357
132229
132298
132410
133731
132041
132201
132624
132329
132401
132896
133243
133516
132204
132054
132165
133344
132312
132100
197591
131890
131844
132475
132252
132609
132449
132208
133069
132697
133624
132430
132814
136761
132975
132553
133088
195888
133342
200952
132890
200879
132610
136975
143582
141750

