1333190
652662
601123
654079
606565
548622
503041
609764
608654
638732
612038
663866
512853
519114
634125
635848
637002
644582
650014
547824
560633
674933
683879
690487
755800
793326
645107
668714
758551
815713
783285
797447
817590
736492
707767
890956
887711
913943
921469
964461
795420
810005
1017354
1026159
1034360
1043583
1051839
861992
909498
1079210
1106727
1045832
1069843
1009682
808118
794558
957464
935004
912257
888771
867261
696586
730593
815715
847704
793142
823044
763302
624450
615647
735430
774812
718132
754207
703580
577314
616934
688204
680112
672589
666676
657928
538951
539496
647709
679016
675080
647659
629850
517453
515255
625157
624186
624001
622140
619178
506737
549799
625075
664448

