2547929
1948479
1887987
1951273
1892285
1334856
1669327
1850988
1806206
1856353
1817301
1867211
1214848
1594484
1839468
1849083
1882135
1842589
1901484
1247536
1676429
1874062
1900303
1888011
1967140
2098267
1395772
1757383
1958411
2019727
1986805
2045626
2028118
1438206
1794522
2108117
2091902
2119621
2128073
2176510
1501365
1889899
2274611
2240231
2247946
2261895
2269093
1576424
1997217
2307488
2335386
2269919
2293134
2239669
1526995
1880995
2234931
2154349
2173767
2104893
2131285
1406397
1809692
2027691
2054237
2002359
2044158
1970070
1328929
1707379
1937857
1976898
1919632
1954391
1902780
1278554
1694025
1906183
1931838
1885240
1917043
1854994
1238461
1612032
1850139
1961317
1971023
2011603
1850242
1220999
1585109
1822677
1874454
1835543
1834054
1821463
1204617
1621307
1822166
1866194

