0
0
0
0
0
0
0
0
0
0
0
0
0
0
0
0
0
0
0
0
0
0
0
0
0
0
0
0
0
0
0
0
0
0
0
0
0
0
0
0
0
0
0
0
0
0
0
0
0
0
0
17
0
19
0
0
20
22
44
0
0
0
76
26
25
30
113
58
60
150
93
95
131
70
103
34
111
108
117
76
191
244
288
165
172
177
86
138
46
192
208
99
98
205
257
157
50
106
109
172
226
0
0
181
188
310
258
138
132
268
542
200
379
503
145
160
0
292
383
241
82
491
497
256
171
350
89
511
368
270
275
838
383
788
379
582
685
309
519
422
623
642
982
220
334
789
658
340
353
708
254
109
696
347
355
474
0
954
737
243
613
482
749
622
745
503
765
397
254
508
387
1062
404
946
1035
670
522
1183
419
930
1090
1905
708
570
1092
1273
271
847
857
1276
969
1109
855
994
1886
1621
1030
1329
1671
1500
1224
934
2461
1825
1512
2618
1095
1373
1714
1388
2529
2055
2537
1904
2694
2433
3359
2469
2554
2939
2825
3024
2207
1650
2682
2509
3437
1708
2434
3439
4334
2593
3126
2242
3618
2648
2651
3562
4898
4477
2515
3217
4301
2697
3309
3311
2929
3346
3798
3397
3525
3309
2457
3310
4319
3594
5212
3478
4196
2264
4025
5265
3664
2944
6065
4806
4185
3950
2822
5656
3631
2012
3435
4096
4478
4850
5084
4179
5816
5626
3767
5348
5277
3790
5256
4683
3172
3577
4747
3870
5202
4149
4969
4983
6842
6945
4834
6843
5532
4322
4704
3288
4591
6130
4772
5006
7126
7071
4578
8044
7241
3736
6035
6931
5695
8374
7956
6423
6834
8299
7004
6879
8263
6046
8037
6039
10606
7969
6150
6171
9305
6490
7520
9667
8681
7232
12199
9000
5940
7790
8692
10717
7372
10185
10348
11218
5657
10212
8448
7814
10943
8395
11539
8702
12250
9271
7976
9113
8269
12065
12348
12421
12225
9607
12134
11040
10126
12255
8590
17100
14717
10409
12052
10657
17427
12692
12148
11345
12286
15932
12872
14506
14388
19268
14013
10956
15394
13471
16418
13115
12335
17989
15353
16997
11306
16582
17467
10452
13177
14848
19912
13655
11182
10628
13192
14138
11588
15417
12817
18492
15280
13932
18580
14042
16736
14482
10699
13459
12029
15331
20035
14274
12455
18848
24585
15677
17947
17175
17744
18216
20677
19903
15607
23194
19954
18491
25054
20020
23593
20720
18427
25485
24243
25795
25991
24997
24619
23502
29509
25978
28244
30904
26622
23813
32426
32064
29686
24982
28619
31276
32622
26665
37633
34710
33510
36541
37438
29576
35526
31059
30006
31048
26779
32820
30568
35182
28878
21630
29000
35494
31956
29002
31369
33608
26493
32206
23681
28260
22408
24618
23316
23983
23429
25952
20459
25753
22632
28843
22177
23099
21715
23137
20050
24367
15184
15566
19939
21886
18965
21154
21153
18120
22975
16387
17823
17643
20845
18799
16447
16971
15758
15217
16850
20273
15829
23097
21115
21111
16645
16403
19314
18180
19705
17689
16484
18866
19866
17033
19109
20331
20362
18056
14741
15301
13469
17377
12623
16659
22923
18444
23364
18670
12918
13749
16316
17304
14606
15185
20039
22146
17230
17764
16773
14285
17787
16362
11565
14437
13418
17235
9890
13031
11264
12085
10000
17842
11343
12302
13537
11897
11895
14150
13664
13337
10581
12573
10245
9286
12126
13067
11621
9831
10828
15634
14915
13102
13803
11851
12696
13799
11948
12785
12266
11470
13952
13652
11994
8723
11826
9174
9515
9234
9330
13933
13980
10642
13162
9265
11273
10214
10273
9970
7928
9986
9109
9919
14250
10157
9584
14416
7610
11993
11660
9160
7802
13522
9247
7974
8260
16058
11104
10754
9243
7781
6402
4420
5776
7448
9790
8470
7369
8495
7380
7453
12942
8496
6948
7978
7065
10570
7463
10597
9478
9642
8650
8201
8082
13201
13864
8194
10209
5967
8615
11784
7133
7193
6595
6662
7140
6204
4718
10509
11802
5675
7291
8843
7361
6415
4205
6720
8812
6300
6335
6410
7983
8029
8946
8325
7443
10168
7548
4250
6460
9096
11955
8596
8683
4161
4288
9264
7774
6996
9288
10280
7159
4483
9781
6521
5980
5562
3302
9506
4955
7074
7636
6138
6696
6048
8337
7734
6081
7863
4442
3390
7747
6005
10601
8457
11263
9149
3364
7415
6823
6275
5833
6761
6755
8056
8102
5754
9908
9705
9748
6883
10351
10402
4640
8549
8553
10705
8326
4572
7544
9432
6448
8727
8674
5341
8314
8826
10627
5884
9476
7246
6517
7539
8211
6516
6447
3675
7119
7157
9573
4902
6532
6606
4232
1796
3618
3668
5455
7225
4156
8993
8039
7791
1795
3064
6180
3576
5545
12322
3098
5604
6906
1207
3144
7937
4295
6258
3790
6909
3133
1888
2522
3168
8754
4375
4419
7477
4381
2558
5685
1877
4390
6469
3887
5727
3745
6438
6374
7711
3203
4462
1319
3747
6347
3816
4495
2513
3984
4477
3897
9611
661
3261
3295
2072
3895
1939
1900
3221
3307
6446
3931
7264
5939
2568
8673
3245
5187
2622
5243
6041
2620
2604
5390
5439
4040
4670
5295
8022
4636
1370
1339
2028
4073
6039
5481
6051
4680
4169
9560
5987
5536
5545
5411
1430
4724
6178
4107
4688
5581
2712
3455
6371
9737
3464
5604
7637
5538
2705
4209
4911
2094
3439
4108
6827
11173
7696
4313
2829
4250
7187
2794
4952
2908
3452
4940
7063
2143
4961
5082
5787
4176
4214
4904
4256
4381
2174
3562
2904
2187
5036
6479
6621
3526
5112
5081
2188
5097
5032
7233
3590
5085
2164
2140
4301
2873
4427
5124
5186
2248
2258
2940
0
3016
2198
3729
5204
1489
5962
4546
3640
4457
1521
1510
2237
3688
4473
1490
1520
5335
4522
3755
4515
1525
3781
743
4582
2276
1456
2374
3097
3802
4610
806
4661
3064
3184
2385
3058
3021
2257
4673
4655
5485
3814
5388
771
3953
2389
3802
3844
0
2336
4580
4717
767
2362
4027
3158
1580
3857
3170
2452
2343
2396
1694
1577
824
4690
3885
3160
4876
1584
1621
2368
2452
5663
4036
0
1592
1545
1676
3892
1545
1601
4912
1624
2442
4042
3265
774
834
1620
4937
811
1554
1639
811
0
1666
813
2495
802
1697
2438
3296
5768
823
1640
4257
2495
2432
1587
3337
2441
1649
1624
1641
0
910
1651
4205
3311
2494
859
879
825
1678
2562
2410
1696
1684
4164
791
849
833
1685
877
0
1659
869
0
0
846
1740
1675
0
853
1712
0
0
859
855
0
1743
0
844
2565
1713
0
2540
865
0
2598
2555
2481
1658
884
0
2653
870
1671
919
0
878
966
0
0
1813
1817
4380
1739
0
0
862
1885
0
901
1773
0
840
846
831
1749
886
1793
0
0
922
1732
909
855
0
888
914
1916
853
4654
0
1804
887
925
0
919
0
938
0
3692
0
918
1787
881
0
957
906
3657
920
883
914
2750
1848
988
1865
931
874
1029
0
876
0
914
924
0
1963
0
0
0
919
953
937
908
0
888
916
974
1943
0
933
2899
963
938
0
0
936
990
3900
0
0
979
0
945
0
0
0
2851
0
0
908
0
0
950
936
1029
1987
1001
969
913
1020
0
0
0
0
1003
0
1960
0
1025
986
961
0
0
927
1954
0
0
1958
0
2005
1974
0
2961
0
0
1969
1020
1976
972
0
953
0
992
2009
4023
962
0
0
0
1993
0
0
0
0
0
0
1037
0
2058
0
984
1017
1024
0
0
1048
1022
0
0
0
1036
0
0
1049
0
0
1003
0
0
0
1034
0
0
960
0
1061
1023
1055
0
0
0
1060
0
0
1086
0
3100
0
0
0
0
0
0
3080
2107
0
1069
0
0
0
1076
0
0
0
1033
0
0
0
0
0
1103
0
0
0
0
0
0
0
0
0
0
0
1031
0
0
0
0
0
0
0
0
0
0
0
0
0
0
0
0
0
0
2183
0
0
0
0
0
0
0
1179
0
0
0
1108
0
0
0
0
0
0
0
0
0
0
0
0
0
0
0
0
1114
0
0
0
0
0
0
0
0
0
0
0
0
0
0
1096
0
0
0
0
0
1115
0
0
0
0
0
0
0
0
0
0
0
0
0
0
0
0
0
0
0
0
0
0
0
0
0
0
0
0
0
0
0
0
0
0
0
0
0
0
0
0
0
0
0
0
0
0
0
0
0
0
0
0
0
0
0
0
0
0
0
0
0
0
0
0
0
0
0
0
0
