0
287
661
1962
3448
5832
15258
25281
59408
65238
2448
3057
3833
3956
4775
5511
6037
6738
7419
8081
1769
1779
1953
2478
2348
2470
2758
2419
2874
3250
3359
3648
3686
3877
3797
4221
4712
4982
4526
4681
4618
5021
4972
6014
5754
5987
5515
6248
6316
6545
483
396
411
414
378
472
500
499
605
424
725
448
659
350
649
754
650
799
831
983
1015
712
841
710
976
655
863
1120
1019
809
772
989
1039
875
1289
975
734
1333
1047
939
1279
1572
1531
1057
1264
1339
1056
1077
1112
1492
1469
1145
1068
1219
979
1139
1133
1704
970
804
2190
1994
1630
1800
2218
1702
1966
1812
1795
2548
1923
2533
1872
2000
1753
1603
3145
1999
2202
2010
2113
1855
2971
2007
1866
2661
2517
1375
1520
1985
2437
2566
2025
2486
2140
2570
2537
2764
2835
2994
2356
1740
2143
1508
2085
1673
2361
2239
1896
1674
1303
1309
1074
1734
1516
2222
2491
1825
1865
1693
1696
1881
1787
2749
2285
1368
2404
2203
2524
2004
2567
1684
2265
2474
1660
1971
1736
1468
2148
2218
2510
1481
2302
2704
1830
2110
2116
2857
2719
2220
1549
2164
2172
2538
2207
1913
2449
1750
1652
2948
2257
2394
1378
1753
2840
2471
2326
3096
2392
2797
3169
2181
2014
3286
1920
2371
3044
2640
2474
2476
2873
2023
2662
2261
2150
2621
2985
2914
767
2919
1678
2466
2311
2480
2019
2415
2651
3049
2816
1900
147
0
569
138
135
0
0
301
0
138
580
302
291
137
141
0
0
294
170
142
409
327
298
429
143
628
148
467
0
441
300
0
160
149
0
324
0
0
155
153
181
167
629
155
153
333
322
322
335
161
506
166
168
0
645
485
0
172
0
170
169
168
169
169
0
0
341
342
170
0
0
349
521
187
357
0
180
534
187
181
543
553
358
182
550
351
0
213
566
373
1149
373
186
201
179
347
402
176
217
188
0
200
377
542
192
0
585
411
427
195
581
0
221
0
599
199
0
197
193
806
805
406
203
207
397
619
0
195
401
0
213
421
0
0
211
214
211
0
421
0
242
0
0
879
0
425
233
238
444
667
0
0
0
0
467
0
920
219
236
428
460
225
453
229
469
0
437
456
913
0
229
0
961
0
484
0
235
237
273
709
459
473
235
472
274
736
0
0
711
730
240
0
0
487
0
265
0
249
294
265
240
1028
478
794
0
0
257
515
0
1023
0
0
1071
270
271
286
516
258
0
0
265
542
0
1180
745
255
265
0
0
0
317
0
595
0
270
0
277
266
563
269
0
279
0
272
277
275
0
275
0
272
586
289
0
0
0
564
0
1193
0
567
283
0
563
271
1115
318
594
0
0
287
0
0
579
0
579
0
0
580
873
294
0
588
326
599
648
604
297
299
0
595
341
900
0
663
301
0
0
0
307
314
316
0
0
0
0
308
638
293
309
698
309
949
385
340
1283
362
314
0
0
323
932
638
319
319
320
319
319
351
655
677
327
0
324
0
323
0
0
0
685
0
330
329
347
331
0
328
0
1026
0
334
0
0
341
332
0
0
336
0
1036
1032
1037
667
339
1050
688
679
340
689
398
0
378
0
0
1079
0
703
706
358
357
725
365
0
349
347
0
715
355
835
367
1426
711
0
0
0
389
0
0
0
764
0
385
1154
1174
368
376
0
735
0
1107
1143
723
0
0
393
0
0
455
1144
374
384
0
376
369
0
391
0
0
389
1161
746
0
0
0
0
389
863
382
0
389
800
0
889
389
417
409
0
0
391
1246
0
0
813
1214
0
0
0
842
0
404
414
403
479
0
0
0
387
420
817
837
830
822
0
822
0
401
0
863
827
401
453
417
474
414
406
435
0
0
0
444
1299
0
417
0
464
866
502
0
397
448
523
470
0
427
448
445
454
427
0
433
0
447
436
456
907
898
0
456
451
430
0
0
0
0
894
469
432
434
0
925
1357
904
441
447
433
0
442
455
0
517
492
909
932
0
1005
453
460
0
892
507
469
0
0
1929
465
457
0
475
957
492
0
0
0
485
937
945
0
0
477
939
0
1531
958
0
471
484
0
1488
0
2381
0
468
0
0
477
1418
487
483
950
0
497
489
0
491
0
0
981
1464
1013
0
0
949
0
0
1103
489
981
470
0
0
0
0
1984
506
0
0
492
522
0
510
516
0
0
0
0
502
520
1049
503
0
0
522
1028
0
0
515
0
0
2578
1035
571
0
557
1040
0
530
0
0
0
566
0
0
0
537
0
0
1046
1108
0
0
1597
2188
0
1071
0
0
0
1080
0
0
533
0
597
500
0
1086
0
0
1086
546
577
523
0
1213
0
568
0
538
0
0
540
0
0
586
0
1105
563
549
558
594
600
0
568
0
0
1100
556
0
0
565
0
552
1696
0
548
1127
1173
559
598
1126
0
0
643
0
0
0
1103
0
0
0
580
0
590
1200
1172
564
572
0
0
0
613
0
0
582
639
569
0
0
0
0
1200
590
0
0
0
0
0
0
0
0
0
0
0
0
0
0
0
0
0
0
0
0
0
0
0
0
0
0
0
0
0
0
0
0
0
0
0
0
0
0
0
0
0
0
0
0
0
0
0
0
0
0
0
0
0
0
0
0
0
0
0
0
0
0
0
0
0
0
0
0
0
0
0
0
0
0
0
0
0
0
0
0
0
0
0
0
0
0
0
0
0
0
0
0
0
0
0
0
0
0
0
0
0
0
0
0
0
0
0
0
0
0
0
0
0
0
0
0
0
0
0
0
0
0
0
0
0
0
0
0
0
0
0
0
0
0
0
0
0
0
0
0
0
0
0
0
0
0
0
0
0
0
0
0
0
0
0
0
0
0
0
0
0
0
0
0
0
0
0
0
0
0
0
0
0
0
0
0
0
0
0
0
0
0
0
0
0
0
0
0
0
0
0
0
0
0
0
0
0
0
0
0
0
0
0
0
0
0
0
0
0
0
0
0
0
0
0
0
0
0
0
0
0
0
0
0
0
0
0
0
0
0
0
0
0
0
0
0
0
0
0
0
0
0
0
0
0
0
0
0
0
0
0
0
0
0
0
0
0
0
0
0
0
0
0
0
0
0
0
0
0
0
0
0
0
0
0
0
0
0
0
0
0
0
0
0
0
0
0
0
0
0
0
0
0
0
0
0
0
0
0
0
0
0
0
0
0
0
0
0
0
0
0
0
0
0
0
0
0
0
0
0
0
0
0
0
0
0
0
0
0
0
0
0
0
0
0
0
0
0
0
0
0
0
0
0
0
0
0
0
0
0
0
0
0
0
0
0
0
0
0
0
0
0
0
0
0
0
0
0
0
0
0
0
0
0
0
0
0
0
0
0
0
0
0
0
0
0
0
0
0
0
0
0
0
0
0
0
0
0
0
0
0
0
0
0
0
0
0
0
0
0
0
0
0
0
0
0
0
0
0
0
0
0
0
0
0
0
0
0
0
0
0
0
0
0
0
0
0
0
0
0
0
0
0
0
0
0
0
0
0
0
0
0
0
0
0
0
0
0
0
0
0
0
0
0
0
0
0
0
0
0
0
0
0
0
0
0
0
0
0
0
0
0
0
0
0
0
0
0
0
0
0
0
0
0
0
0
0
0
0
0
