1183275
1271014
1268119
1253411
1309041
684866
1117030
1272808
1265923
1312088
1265239
1266300
692030
1121495
1266003
1264578
1268698
1266638
1274856
695225
1130347
1268023
1267167
1268295
1268037
1266263
689830
1132808
1267388
1272551
1270685
1324745
1258436
686202
1122539
1275042
1271638
1271488
1273066
1270787
693607
1123748
1274097
1270550
1332958
1263427
1274209
704518
1123965
1271142
1273675
1329377
1269403
1284115
697126
1126342
1277420
1275018
1276065
1277291
1276023
689306
1118048
1266177
1277623
1334193
1286906
1280760
699778
1124759
1334816
1279611
1287311
1299078
1293239
702430
1124047
1280485
1287607
1271117
1314884
1279663
699749
1130443
1282994
1306110
1280406
1281517
1265336
690887
1119490
1267395
1297020
1278525
1274066
1276999
708174
1134328
1274584
1277969

