253501
247523
295818
224309
231060
228241
251708
139723
140884
146275
159430
138240
139206
145565
139313
128652
139673
150340
142657
128279
143252
141103
143646
140445
139891
140049
144534
140215
139158
186939
137793
138012
124863
122060
124571
124540
138548
139025
138173
139771
138203
137800
187055
137930
137242
137698
138129
139152
137508
137784
137274
137366
138103
138930
138242
137270
137471
136744
136910
137439
136397
122277
125606
184201
138833
138854
138250
138368
187193
122134
137905
138164
123548
138303
139732
138668
137830
137912
139233
137845
157115
138067
137671
137342
137426
165596
137581
137699
122770
122597
137889
130383
138362
137966
137615
138144
137373
137319
138562
185570

