2212239
887628
756708
647426
794450
642526
711818
937705
852100
877160
877027
845476
717862
719195
907185
705969
954262
891002
960169
730512
782809
903369
850949
964605
913758
982141
747647
814233
938476
826292
948671
953310
725897
613331
711575
861486
973012
1040700
888168
991951
879189
715842
1033733
1036123
1033778
1063082
1054284
909501
862063
1155211
1102995
1100901
1133187
1127220
922896
906518
1221265
1168687
1103541
1229130
1077516
836119
889631
1102740
1228002
1220854
1130953
1226348
993398
956084
1249183
1286406
1074482
1232905
1249178
1049858
990477
1289688
1284211
1222902
1224118
1275089
911620
1029756
1205595
1045196
1171715
1169608
975846
770146
907939
1153511
1141834
1138980
1196500
1187511
886383
954575
1107762
1087869

