3649036
2406182
2320670
2125159
2334566
1555645
2080568
2350252
2258920
2335534
2301708
2250028
1549113
1986269
2312513
2099215
2362645
2307996
2377697
1554029
2056421
2312508
2261787
2373358
2321701
2388465
1582027
2087268
2345042
2285794
2357166
2416080
2109207
1421605
1958701
2261080
2383213
2451229
2299422
2402522
1711010
1977401
2494911
2444616
2503990
2464220
2466633
1753188
2123549
2564149
2513958
2567658
2540703
2550277
1758280
2170143
2636167
2580462
2516538
2643875
2489949
1647722
2133306
2553130
2644477
2693917
2556121
2645490
1880385
2202990
2721917
2704196
2485351
2670300
2682159
1890972
2252367
2708102
2711062
2631875
2696139
2692831
1749055
2297555
2626028
2516914
2589716
2588838
2363963
1583645
2165332
2551305
2577232
2555484
2608194
2602667
1731944
2226236
2520920
2551428

