1023868
1093250
1159857
1092766
1106050
600604
971644
1123855
1090472
1093876
1090482
1088821
619442
970128
1090424
1094411
1150742
1108537
1107632
603923
969928
1152508
1140230
1111919
1094480
1115199
603314
1000567
1091429
1095604
1094128
1094308
1095123
610038
975335
1095655
1110762
1165701
1205171
1099082
608018
1051841
1105576
1105838
1111592
1108507
1110878
615767
990618
1162278
1116529
1113421
1117462
1114053
616602
993241
1111612
1131659
1107722
1108038
1108102
638467
982502
1101738
1100535
1169629
1099605
1096348
604144
980689
1118139
1103036
1119174
1142170
1098822
603767
979688
1092316
1160433
1125932
1102550
1098546
610473
981738
1101163
1146563
1101603
1155077
1091426
676133
974223
1089448
1091589
1091002
1119940
1099320
600468
989196
1118044
1109477

