229312
228742
228906
229018
273078
228802
228344
125877
126363
124766
135913
130739
128818
125374
124135
125345
125721
125843
125256
124544
125383
125405
126074
124711
124378
126536
125122
125501
124257
124620
124698
125139
168721
125216
124885
124396
125066
127957
126293
125485
125060
125204
125148
125033
125613
124832
125100
124831
168044
124829
125073
125433
124860
125637
124572
124530
124296
125378
124625
124581
124906
124925
124083
124776
124592
125700
124442
124392
124546
124230
124522
124967
127618
125336
124438
124814
125037
124418
125852
124854
124871
153288
124987
125439
125133
126050
125167
125589
124603
131455
124631
125046
125423
125507
131998
125106
125964
130651
131606
129361

