22209654
22349934
21852629
22034621
21986952
12000517
11889310
22583340
21939902
22142491
22009525
22138029
11777413
11904238
22173908
22160316
22075737
22205724
22056245
12109760
11915133
22203395
22065251
22213047
21820546
21675862
11985395
11778747
21680083
21605980
21535919
21383823
21486339
11731421
11890064
21756317
21778716
21665839
21893771
21875878
11942679
12029822
22009165
22160089
22291464
22379854
22088747
12881961
12550776
22411085
22738410
22753404
22524949
22841331
12964940
12735352
23001632
23053359
22914829
23146902
23210761
13003789
13310120
23043460
22867305
23128150
22798156
22697142
13322202
12956778
22751416
22790466
22648899
22416460
22494889
12561137
12332806
22373946
22750625
22291906
22671469
22523500
12326630
12505996
22333447
22465233
22449221
22328760
22173237
12510445
12281977
22385357
22195988
22140236
22168768
22297193
12304788
12552900
22475362
22365671

