23462853
23671962
23241477
23356435
23366113
12829947
13089328
23833093
23156749
23361154
23235934
23357603
12525696
12999758
23388480
23380097
23352212
23440130
23289154
12838243
13010467
23481329
23331569
23449696
23039423
22917613
12713851
12904827
22895782
22826220
22754769
22603285
22750205
12466696
12990301
22976384
23014564
22959512
23225257
23100457
12675771
13206882
23239901
23390972
23528687
23613207
23324738
13622574
13709454
23698244
23980023
23992300
23767288
24081038
13706130
13853177
24237556
24310442
24147188
24379571
24443813
13767231
14416759
24270023
24092477
24423522
24022250
23917940
14050939
14061749
23994128
24018519
23895742
23684052
23718203
13289772
13437590
23590738
24036960
23542742
23898940
23775387
13062165
13613229
23559799
23737902
23676010
23609477
23389314
13318088
13380891
23599885
23413055
23356797
23420756
23521644
13031271
13672799
23725081
23604536

