1652211
1759213
1759167
1782083
1768302
1463021
1619107
1754073
1768177
1772202
1769286
1773521
1460920
1626339
1759200
1772473
1769643
1774462
1763656
1473015
1625713
1763860
1760033
1756545
1765803
1774835
1457544
1623104
1767162
1754629
1765868
1761858
1764186
1464612
1624245
1777773
1758960
1772090
1761412
1754275
1453850
1619176
1771518
1769107
1764621
1775479
1767479
1462732
1623325
1771614
1770026
1774077
1755573
1771822
1455332
1622806
1757524
1770413
1813634
1769959
1767832
1456900
1624457
1765985
1762793
1779481
1759253
1765217
1459587
1624773
1761794
1761962
1771146
1758132
1770896
1465715
1623040
1759803
1765813
1751627
1755783
1758772
1456360
1625791
1763982
1762451
1767915
1764543
1766097
1457697
1621358
1759112
1782037
1760579
1761581
1755544
1461861
1625242
1760648
1777407

