243143
302929
297933
263947
308249
239034
269083
132971
132651
133173
142574
195839
135884
133829
131487
133210
196236
132578
132141
133859
194675
132704
132062
132147
157858
132229
132708
131591
136525
131327
131870
131417
131781
131845
131424
130850
131494
132603
131429
131357
131388
131585
131346
136128
131534
133116
132280
134221
131634
131576
131622
131713
131765
131123
131974
180183
132393
133971
158074
131688
132288
131452
132443
130710
131301
131765
131262
131563
155002
132042
132486
132152
132435
132357
132548
133011
133425
132292
133854
132809
132778
185523
133444
132408
159944
133212
134552
187538
132885
133968
132633
132846
133062
132416
156406
135238
134218
173420
135080
137724

