40857285
40719368
41712751
41137455
41280380
41217922
41073475
41531109
41011186
40995220
41157198
41275000
41265468
41249892
41207499
41023926
40888812
40919035
40929437
41219311
41147204
41320141
40670016
41466770
41412064
40901992
41197174
41118955
40823037
40676498
40881692
40856766
41025858
41190853
41040259
40846777
41117357
41422657
40629087
40863180
40864794
40897709
40439817
40699862
40571505
40457831
40843069
40569351
40705163
40691242
40442769
40495489
40155541
40475307
40610628
40423341
40548375
40402615
40444828
40398736
40452501
40653462
40674770
40594241
40726311
40623424
40541302
40818056
40846178
43116809
42391468
42642585
42687442
42744417
42484918
43070593
43416582
42735104
42629455
42714706
42763704
42812587
43321844
43412170
42962050
42779358
42596893
42918775
42771576
43344884
43162847
42582498
42846730
43031949
42801015
42726944
43452534
43068219
42865472
42857510

