42752660
42781634
43769892
43183532
43356978
42919998
42961711
43418199
42912049
42900634
43069097
43244404
42862290
43010100
43098226
42929655
42854730
42826120
42825278
42826208
42967630
43216792
42562133
43355503
43335775
42809108
42787472
42873722
42726771
42562470
42779513
42750109
42921915
42787353
42796077
42755613
43007877
43327387
42522034
42748892
42450133
42649355
42342903
42605224
42467930
42366565
42743022
42166506
42460439
42594758
42345190
42401535
42043000
42378914
42198021
42226725
42438666
42307179
42416707
42300708
42352809
42241933
42432478
42491222
42620620
42534985
42431980
42714977
42460964
44873873
44285955
44536751
44591155
44635045
44388494
44669432
45173248
44627417
44529321
44599185
44652376
44757019
44911728
45170521
44886162
44675131
44499469
44870951
44670976
44936637
44916996
44475151
44761948
44925101
44719213
44617870
45048751
44867108
44761403
44772794

