1638852
1814283
1802575
1645164
1734944
1716746
1660193
1702898
1637569
1676422
1617253
1639991
1580762
1519694
1526558
1518850
1516416
1557608
1510514
1503855
1488073
1500146
1498104
1496501
1504807
1481724
1486975
1471234
1472205
1491570
1483950
1493966
1476102
1483810
1458782
1457750
1486777
1463401
1472157
1472520
1531701
1460702
1459770
1495396
1477885
1499881
1440252
1471570
1422396
1454223
1470174
1423832
1509757
1409555
1530747
1417742
1551984
1412541
1501566
1410780
1481041
1494547
1471327
1504008
1451054
1577313
1418559
1584603
1408921
1568921
1409347
1555666
1512749
1502484
1593615
1458173
1592799
1455999
1613848
1438266
1604445
1470924
1556570
1486081
1574971
1534666
1512287
1592451
1461711
1622168
1440116
1609849
1427011
1604094
1482652
1580863
1545808
1561167
1548962
1548597

