451434
471384
451319
471562
448364


454481
446778
449709
453361
510026


447504
452172
450739
450107
462835


446791
447848
452202
447298
445574


450341
447175
479252
454951
449794


452273
455652
455841
458978
476068


468750
473743
484897
476440
481446


478750
497195
483482
497287
482032


478627
480798
477559
477899
477615


486928
476614
478114
476772
478245


475751
478927
479827
476683
488272


479262
487586
481748
483476
483560


483561
481552
483040
490615
485119


489647
484871
487924
484918
483588


483043
478449

