169748
173981
173058
167828
168051


166717
165315
166092
170345
176924


165410
167677
166301
164934
178775


165474
166623
164526
165554
164971


164980
165476
167622
165100
165873


166025
165351
165390
165897
174552


167333
174975
167980
169261
170911


169538
176208
171419
174279
171600


170048
170614
168980
169266
169294


170562
169296
170374
169044
169686


171107
170745
170617
170545
170957


169156
174452
170996
169467
171455


170340
172159
169266
171955
174660


171224
173384
171876
171965
171554


171977
170972

