2521947
2526986
2551368
2529353
2572602


2658355
2518231
2542954
2548121
2577759


2548233
2503190
2483994
2478021
2499413


2469594
2487155
2521899
2482843
2468881


2521986
2456302
2460097
2497776
2449201


2497499
2439199
2443014
2429121
2483870


2438369
2450823
2418963
2438167
2424225


2406226
2504314
2399799
2401369
2414989


2416279
2418186
2405419
2433656
2532382


2438412
2435392
2432105
2424866
2424348


2448864
2435253
2449601
2425769
2466893


2427213
2464578
2434027
2441095
2446772


2429632
2432843
2422686
2443291
2435329


2451255
2443694
2443777
2461626
2451120


2452204
2439779

