107106
116783
119899
108210
117037
29711381
29433616
116465
109012
116937
109278
112870
29483493
29909414
107315
107025
151822
106433
106818
28984892
28756869
104815
104623
103829
135521
103083
29079338
29014456
103398
101610
101711
101865
100625
29115639
29005989
100024
99715
99879
98981
99473
29025602
28962917
98144
98024
97413
97631
97266
28851085
29084264
96540
96464
96025
96355
95741
29165204
29609139
95663
95587
95951
95841
99548
29040236
28930598
95759
96163
95689
95602
95672
29209714
28988123
95708
96065
95952
95644
95938
29453222
29123050
96069
96068
96011
95691
95529
28963334
29199176
95832
95662
95765
95795
96088
29384671
29323098
95682
95653
96087
95772
96528
29535804
29430057
96043
95752

