30193681
30690052
30448000
30357392
30522995
360793
183096
30416363
30466910
30347606
30750389
30732810
278569
258436
30743979
30263277
30364636
30395004
29973392
148780
242417
30391720
30009997
29934334
29864060
30400405
144856
211853
29813055
30092435
30209849
29962337
29797766
140788
211856
30268048
29802035
29824220
29801916
30013412
136061
136922
29726620
29675234
30078985
29933696
29824234
129738
128790
29857937
29946285
29817936
29899358
30219285
127664
126778
29874814
29930234
29783351
29999210
30231835
126773
126407
29944231
29811154
30260254
30019200
29831532
126297
127218
30465122
29896548
30118259
30212866
30185672
128589
127121
29919952
30122453
30498226
30008307
30075722
126561
126477
30146948
29996926
29864403
30035200
30415852
127722
126584
30182453
30473608
30706762
30320468
30117326
126489
128457
30162696
30013758

