1033751
1089260
1115795
1109794
1087080
597759
1015712
1092975
1144086
1094389
1084588
1153753
605533
980380
1092303
1133808
1146574
1085552
1133563
595323
967613
1088688
1091156
1085500
1105298
1084985
595436
973760
1087877
1095833
1093200
1092351
1087242
596202
974680
1103418
1089585
1094875
1096006
1105155
646406
979064
1096253
1102766
1101211
1107913
1101371
607978
982229
1106055
1168109
1114274
1104390
1109298
610852
993945
1112950
1106815
1100963
1100635
1104971
609172
974113
1105230
1097561
1092715
1093857
1098663
600603
977983
1087588
1096485
1093618
1090626
1095040
598309
966767
1085904
1092091
1106739
1142968
1131018
596550
966451
1085405
1081622
1083936
1081864
1091640
614178
988248
1083748
1082132
1084110
1085570
1104260
600138
968069
1084545
1089100

