231658
231379
232160
231458
231175
231805
232075
126137
127748
188656
128125
130759
126699
127413
124899
127058
126788
126444
126377
124508
123965
169201
122452
121217
124950
120159
119316
120040
118151
117988
118111
117136
117230
115507
115721
115711
114218
113904
113485
114014
117981
111597
111648
112508
111268
110432
109774
109531
108702
108101
109641
108005
107629
107814
107870
107660
109177
107338
106711
106679
106435
106614
106243
106881
106819
106334
106007
106277
106161
105762
106296
106130
106244
106715
105995
105851
105629
106056
106064
106281
105696
106156
106003
105926
106137
107624
105907
106716
108341
106546
105618
107258
108726
106320
107286
107365
106165
105960
105809
108953

