35082791
35793491
35546244
35279534
35564016
31788931
31276917
35515301
35343837
35299743
35648770
35750401
31342837
31687559
35539024
35012214
35133931
35152131
34731772
30637538
30487371
35078559
34714372
34673310
34600103
35064658
30711181
30697555
34525982
34754586
34902501
34676012
34439380
30740249
30676638
34941638
34448749
34451766
34427072
34719914
30693374
30560551
34359008
34368213
34726145
34615096
34438353
30452405
30635462
34463233
34690678
34392513
34578423
34793221
30823626
31153670
34587435
34507979
34432845
34586672
34991739
30661566
30528346
34639919
34439692
35013868
34604066
34584106
30744944
30684273
35065921
34633222
34827025
34884013
35001367
31039997
30842981
34547672
34959003
35119298
34802506
34743982
30646484
30811745
34901310
34713830
34547470
34829327
35068783
31134573
30889823
35000129
35098248
35510547
35017421
34901004
31208112
31119698
34914948
34747336

