36348220
37114159
36894220
36620813
36882297
32618516
32524728
36734433
36615692
36582807
36861495
37034933
32075087
32795364
36756244
36273095
36407309
36364146
35991722
31357380
31578962
36336460
35927992
35880038
35830362
36269814
31425947
31791370
35732021
35968418
36113824
35885510
35643863
31451969
31767051
36160778
35652563
35660557
35636575
35939096
31457772
31651223
35566921
35583498
35938636
35833453
35649510
31169924
31726404
35677402
35968440
35614804
35790457
36010345
31542360
32255285
35809573
35722144
35640531
35793998
36203157
31377367
31608717
35852045
35644085
36212934
35803943
35789061
31451729
31768035
36259821
35835856
36026911
36081374
36202422
31744174
31915396
35739647
36157177
36332334
36051198
35981192
31349057
31884151
36092868
35903100
35737328
36017929
36268783
31855331
31983708
36191168
36289132
36700999
36210313
36112649
31914443
32193746
36105330
35945411

