0
407
3878
56819
79109
138330
215420
301437
409382
276874
10594
11709
11694
11962
12903
13234
14408
15110
15611
16744
3505
3402
3674
4508
4277
4359
4798
4070
4768
5333
5300
5841
5915
5986
5813
6472
6908
7291
6550
6760
6537
7061
6862
8070
7680
7878
7203
8025
8128
8217
590
488
504
517
446
543
625
574
697
480
799
495
732
387
708
825
718
853
865
1028
1047
729
851
705
967
651
858
1073
1001
769
736
937
956
804
1145
910
662
1161
918
840
1104
1328
1300
922
1062
1119
890
929
881
1193
1201
923
849
944
790
886
900
1329
774
609
1634
1479
1189
1306
1660
1230
1426
1296
1317
1770
1355
1756
1234
1413
1259
1156
2180
1399
1568
1360
1441
1287
2000
1340
1244
1838
1680
906
968
1274
1625
1650
1337
1594
1363
1600
1499
1701
1721
1825
1452
1700
2069
1470
1980
1662
2370
2259
1843
1675
1252
1242
1088
1693
1478
2238
2469
1756
1826
1681
1661
1860
1752
2714
2289
1361
2348
2089
2459
1943
2519
1606
2147
2362
1558
1972
1658
1461
2167
2165
2497
1473
2282
2603
1787
2059
2049
2768
2727
2131
1460
2107
2071
2449
2103
1835
2368
1690
1679
2819
2217
2349
1345
1769
2756
2531
2362
3072
2326
2827
3202
2144
1990
3242
1928
2414
3042
2706
2431
2429
2897
1932
2582
2301
2126
2675
3030
2915
777
2817
1673
2461
2289
2509
1989
2399
2683
3015
2777
1870
137
0
546
139
138
0
0
278
0
140
557
272
288
139
147
0
0
289
148
138
425
307
290
426
164
603
151
446
0
472
310
0
157
150
0
309
0
0
154
152
159
161
619
160
165
323
333
318
331
170
498
159
168
0
689
502
0
171
0
172
169
170
170
172
0
0
348
341
170
0
0
356
530
186
349
0
178
523
177
173
540
530
376
181
543
373
0
181
567
364
1119
373
181
189
185
372
378
174
195
211
0
182
387
549
189
0
580
388
393
192
580
0
200
0
590
202
0
203
210
831
793
419
198
224
407
642
0
215
414
0
208
428
0
0
215
198
205
0
424
0
212
0
0
892
0
433
216
242
455
647
0
0
0
0
445
0
910
220
228
435
445
232
450
233
476
0
458
470
955
0
229
0
904
0
477
0
233
238
233
710
519
474
235
481
236
738
0
0
715
727
245
0
0
497
0
241
0
252
251
255
258
1002
478
757
0
0
254
515
0
1031
0
0
1002
243
250
259
527
263
0
0
262
543
0
1079
767
295
260
0
0
0
279
0
545
0
271
0
272
280
544
276
0
275
0
300
268
273
0
280
0
284
585
277
0
0
0
557
0
1171
0
580
284
0
566
309
1161
287
559
0
0
291
0
0
596
0
601
0
0
599
867
299
0
605
308
576
607
607
283
310
0
615
302
890
0
618
326
0
0
0
302
317
288
0
0
0
0
327
630
333
322
657
299
932
320
316
1287
322
323
0
0
323
956
643
326
331
324
326
335
337
640
671
341
0
343
0
347
0
0
0
669
0
320
358
366
338
0
355
0
1015
0
340
0
0
349
340
0
0
343
0
1049
1072
1038
735
345
1041
709
711
340
712
353
0
346
0
0
1048
0
716
727
365
360
696
355
0
369
341
0
722
363
743
363
1454
727
0
0
0
360
0
0
0
749
0
389
1149
1131
377
398
0
761
0
1133
1155
781
0
0
372
0
0
371
1179
359
368
0
382
380
0
404
0
0
388
1233
804
0
0
0
0
397
817
417
0
378
799
0
800
386
397
421
0
0
383
1211
0
0
816
1257
0
0
0
803
0
388
411
409
404
0
0
0
420
422
869
827
830
844
0
817
0
423
0
866
843
432
422
412
412
402
448
420
0
0
0
423
1276
0
426
0
428
832
432
0
447
435
428
426
0
435
435
428
429
411
0
420
0
438
469
450
904
874
0
438
458
481
0
0
0
0
910
445
480
458
0
913
1414
913
450
431
468
0
448
457
0
463
460
870
910
0
914
468
488
0
954
455
451
0
0
1829
460
466
0
459
924
449
0
0
0
490
932
917
0
0
469
928
0
1419
924
0
457
474
0
1393
0
2348
0
483
0
0
474
1482
483
493
1037
0
478
486
0
491
0
0
988
1446
981
0
0
1014
0
0
978
471
1011
500
0
0
0
0
2022
501
0
0
489
502
0
506
492
0
0
0
0
501
517
1024
496
0
0
511
1002
0
0
502
0
0
2601
1014
515
0
542
1040
0
519
0
0
0
530
0
0
0
530
0
0
1096
1049
0
0
1590
2147
0
1065
0
0
0
1055
0
0
545
0
553
545
0
1076
0
0
1088
534
539
543
0
1074
0
602
0
526
0
0
527
0
0
581
0
1070
570
552
542
548
557
0
542
0
0
1105
533
0
0
565
0
560
1713
0
577
1145
1146
567
568
1110
0
0
572
0
0
0
1144
0
0
0
584
0
573
1174
1125
560
574
0
0
0
580
0
0
581
580
548
0
0
0
0
1165
561
0
0
0
0
0
0
0
0
0
0
0
0
0
0
0
0
0
0
0
0
0
0
0
0
0
0
0
0
0
0
0
0
0
0
0
0
0
0
0
0
0
0
0
0
0
0
0
0
0
0
0
0
0
0
0
0
0
0
0
0
0
0
0
0
0
0
0
0
0
0
0
0
0
0
0
0
0
0
0
0
0
0
0
0
0
0
0
0
0
0
0
0
0
0
0
0
0
0
0
0
0
0
0
0
0
0
0
0
0
0
0
0
0
0
0
0
0
0
0
0
0
0
0
0
0
0
0
0
0
0
0
0
0
0
0
0
0
0
0
0
0
0
0
0
0
0
0
0
0
0
0
0
0
0
0
0
0
0
0
0
0
0
0
0
0
0
0
0
0
0
0
0
0
0
0
0
0
0
0
0
0
0
0
0
0
0
0
0
0
0
0
0
0
0
0
0
0
0
0
0
0
0
0
0
0
0
0
0
0
0
0
0
0
0
0
0
0
0
0
0
0
0
0
0
0
0
0
0
0
0
0
0
0
0
0
0
0
0
0
0
0
0
0
0
0
0
0
0
0
0
0
0
0
0
0
0
0
0
0
0
0
0
0
0
0
0
0
0
0
0
0
0
0
0
0
0
0
0
0
0
0
0
0
0
0
0
0
0
0
0
0
0
0
0
0
0
0
0
0
0
0
0
0
0
0
0
0
0
0
0
0
0
0
0
0
0
0
0
0
0
0
0
0
0
0
0
0
0
0
0
0
0
0
0
0
0
0
0
0
0
0
0
0
0
0
0
0
0
0
0
0
0
0
0
0
0
0
0
0
0
0
0
0
0
0
0
0
0
0
0
0
0
0
0
0
0
0
0
0
0
0
0
0
0
0
0
0
0
0
0
0
0
0
0
0
0
0
0
0
0
0
0
0
0
0
0
0
0
0
0
0
0
0
0
0
0
0
0
0
0
0
0
0
0
0
0
0
0
0
0
0
0
0
0
0
0
0
0
0
0
0
0
0
0
0
0
0
0
0
0
0
0
0
0
0
0
0
0
0
0
0
0
0
0
0
0
0
0
0
0
0
0
0
0
0
0
0
0
0
0
0
0
0
0
0
0
0
0
0
0
0
0
0
0
0
0
0
0
0
0
