0
0
0
0
0
0
0
0
0
0
0
0
0
0
0
0
0
0
0
0
0
0
0
0
0
0
0
0
0
0
0
0
0
0
0
0
0
0
0
0
0
0
0
0
38
0
0
0
0
43
0
0
82
38
129
43
0
53
45
91
0
49
96
0
157
106
170
109
54
114
110
163
282
119
367
120
419
120
561
64
193
498
203
382
259
280
132
73
137
135
72
70
141
380
290
155
76
76
143
0
158
568
238
328
247
156
424
0
267
167
349
327
176
174
440
468
278
188
536
287
468
95
294
368
311
724
295
203
606
306
532
493
396
527
616
538
735
332
668
324
691
764
631
679
349
591
335
218
330
343
705
228
842
239
584
125
599
360
860
595
643
0
258
263
608
899
937
520
525
133
661
402
1052
1187
554
799
1088
922
801
540
689
1548
967
1523
825
852
438
861
995
1439
878
1318
1333
563
1646
1157
1610
2118
897
1510
1681
620
2041
1057
1688
2028
2024
1722
1104
2086
2086
1476
1616
1785
2583
2984
2278
1958
3634
2983
2843
2857
3535
3043
2610
1548
3279
2427
1584
2957
2751
3685
3998
5365
3900
3872
2267
3076
2718
3811
3880
2211
2749
3087
4876
4864
5183
3511
3539
2986
4893
2824
3442
3032
3871
3893
2701
3466
4314
3102
5036
3935
5148
5982
4413
3636
3615
3420
4534
2398
3647
4043
5101
5575
4139
3935
5708
4866
2933
5486
2937
5076
3620
5043
3042
4716
5126
5229
5481
4958
3470
4736
7804
8151
4252
4487
6035
5879
3871
3326
4523
4519
7249
7362
5190
5091
5303
7844
4497
6535
7092
5698
5140
7282
9070
4954
5537
5798
7669
5829
7695
7516
8232
7629
8828
6138
8833
9110
8928
7609
11003
9219
6703
9215
6559
9560
10235
8376
10868
6954
11609
7785
11944
7835
9143
8564
8415
9994
11012
8523
6995
10234
9350
9192
12457
10708
11989
12600
11559
10928
13554
8724
12679
10703
13719
11264
13186
10579
9876
14562
13458
15795
10915
8458
13322
13490
12157
16267
13739
15754
13796
9680
13810
12796
14029
9881
13552
15243
13192
17107
12992
14519
12652
11448
12362
14420
11702
8657
14701
12949
14079
12930
18054
13778
16473
16206
14378
14291
17122
14541
17573
16079
14792
19217
15222
17407
17112
12171
16964
15751
13182
17065
16513
17464
19682
20642
23507
17040
20483
13958
17442
22209
21031
22121
26418
23028
23674
18767
21854
18764
25960
26632
22507
23357
23909
24364
23457
26051
28208
26894
29034
27337
32326
27863
32733
30579
35127
33638
31944
29456
30230
32195
32442
33309
36765
28096
32802
28906
25808
30076
33462
30725
36361
27127
27415
31298
26067
30047
27985
28484
24117
30618
27194
30258
30335
28696
27641
25253
31927
27691
23427
26976
29059
25946
25283
24456
31340
25524
23402
24738
26728
22717
23920
16875
16402
20394
17575
20254
17370
24065
18643
22061
23182
21482
21197
19482
19751
18540
18565
18950
22090
15474
17545
20176
16965
17048
18431
17545
20156
14058
21474
19909
15793
21474
22007
22846
23193
18858
20912
15575
25724
20623
20329
21224
15798
19853
21094
21736
12804
15005
15102
13667
14668
16375
14639
20221
17564
19622
15165
17710
15322
14198
14940
16560
13480
14104
14056
13990
14113
13775
16635
15533
17337
13441
11885
14887
12072
14804
14017
12651
12509
14932
14849
13970
11409
10886
8574
14226
11437
11545
12857
12939
11499
11582
12016
14398
13440
12540
10707
12625
11280
12026
10365
13192
12717
10885
6511
10597
12425
11801
12423
11808
9432
15167
10917
11875
7160
11954
5754
9495
10658
11163
10640
14479
6295
13111
12224
11235
7902
10271
11299
11803
10749
6848
9359
8340
13051
10325
12899
10039
10090
7000
10384
11057
9519
8522
10095
7137
9507
11089
9085
6602
9665
7030
13885
11731
5654
9246
9321
10183
8822
7698
9928
5179
11923
6182
9798
8361
8880
8872
5766
8362
8487
6686
7502
6847
6915
9089
10677
6378
6975
10665
7461
9501
14368
9541
8470
6420
10292
9603
9188
10194
9298
9685
9757
6131
7079
9313
8156
6445
7504
4973
9336
6485
7740
9401
5480
6050
7657
8194
8414
10457
6566
7272
7875
6555
8390
7370
11304
10126
5728
11187
5757
7943
11146
5144
7462
8015
3469
8057
6350
6198
8154
7958
7538
9707
5699
9135
8078
7051
6946
10197
5267
7091
7697
8275
5318
8858
7077
10615
7016
8205
5752
5964
7184
8276
7760
8395
4804
5833
3615
4694
8309
4845
7059
10008
9056
7871
3663
8452
4845
7123
7832
7938
8394
9156
6146
7954
7564
7886
6129
7264
3591
4368
5673
7935
8064
6808
7482
6844
3078
6917
7609
6848
5540
4477
6846
3081
5694
6312
6793
10083
3744
7583
8848
3237
7145
6435
6397
3740
5706
2572
5104
2560
4502
7777
3200
5185
5894
7117
4496
5812
4514
3299
3894
4673
3980
7179
3331
3900
2694
5280
4536
1999
5872
5253
3349
5892
2711
4043
1920
3321
4705
3975
7303
8083
1359
3384
9462
4082
4696
3414
3372
4065
6205
4777
5402
2044
6047
4079
5508
4712
1387
4030
6929
2674
5332
4783
3451
2743
1401
3445
4791
1371
3367
6318
5615
8455
1375
7011
7029
4238
8384
4165
2671
2825
7035
2873
9168
1421
4235
2862
6319
2081
4975
6322
2910
5119
8451
3540
1436
7209
8601
6477
3637
5090
3641
7182
2190
2840
4369
5758
6541
2196
3600
7273
3675
5760
7310
4470
4375
5162
8876
6753
4399
9604
5155
9020
8069
7374
2878
5242
4478
4522
3716
5998
5214
4497
4407
6796
5171
4522
5972
2985
4493
6095
3763
5216
4501
2309
2278
5242
6901
774
1519
2241
3841
6050
5307
738
2280
1581
3067
3087
2285
3102
785
3054
4633
5416
5360
3843
1574
3087
830
4673
3109
2285
1594
3845
1555
6242
4709
3996
1554
2389
2382
2434
4785
4713
1505
2346
3194
2368
2363
1532
3212
3157
1648
811
4803
4892
2393
1643
1605
3974
4005
2433
2443
3169
0
786
5685
4050
3272
774
763
5700
2405
3298
1641
2389
849
1638
4953
1676
1619
3331
6543
3278
1638
835
785
2452
2472
1652
4172
5036
4922
4981
4300
853
5038
2478
3361
1721
2469
1715
3440
1616
2518
784
1751
852
3377
1658
813
863
3369
0
2479
868
1692
2507
879
1720
1657
5967
858
894
835
6082
1735
1764
1717
0
0
0
0
2556
4300
856
2559
1741
885
0
894
3474
2525
0
1775
0
0
1777
1754
2623
0
886
0
894
2702
1732
1690
0
1796
0
0
883
877
1787
1782
891
3547
2664
1764
868
1804
856
930
0
1763
883
2744
919
2745
1815
906
1744
1851
2702
868
0
3603
898
1775
0
0
0
0
940
950
2753
922
2663
927
951
0
2733
924
930
2819
0
887
2833
902
912
1906
0
0
0
945
0
1916
958
1857
1009
0
893
0
2839
0
3785
2750
948
924
945
955
0
975
929
951
1880
0
1910
1913
1934
0
990
0
0
953
0
0
0
939
3956
0
0
0
983
2867
0
0
1979
0
0
0
0
961
934
1938
0
0
1014
0
1013
0
992
938
941
1946
0
1961
0
0
2022
1029
0
0
2057
992
0
0
975
0
0
2973
0
0
1016
0
1040
1975
995
1040
0
0
0
1070
0
1041
0
0
1002
1027
3089
978
2004
3030
0
985
0
1000
1017
0
0
2101
0
0
1022
0
0
1065
1046
1016
1008
2115
0
0
0
0
0
1004
2084
0
1002
1049
3065
0
0
3136
3237
2080
1093
0
0
1090
0
3211
2078
0
0
1047
0
0
3196
2149
988
0
2104
0
0
0
1058
0
0
0
0
0
0
1041
0
0
0
1078
0
1047
0
1071
0
0
0
0
1114
0
0
0
0
0
0
0
0
0
0
0
0
0
0
0
0
0
0
0
0
0
1104
0
0
0
0
0
0
0
0
0
0
0
1097
0
1130
0
1132
0
0
2201
0
0
0
0
0
0
0
0
0
0
0
0
0
0
0
0
1123
0
0
0
0
0
2266
0
0
0
0
0
0
0
0
0
0
1090
0
0
0
0
0
0
0
0
0
0
0
0
0
0
0
0
0
0
0
0
0
0
0
0
0
0
0
0
1167
0
0
0
0
0
0
0
0
0
0
0
0
0
0
0
0
0
0
0
0
0
0
0
0
0
0
0
0
0
0
0
0
0
0
0
0
0
0
0
0
0
0
0
0
0
0
0
0
0
0
0
0
0
0
0
0
0
0
0
0
0
0
0
