37413693
37208411
37443026
37422211
37390696
31853346
32115375
37670753
37481266
37583273
37767105
37489063
32070380
31966538
37061307
37294252
36946745
37667579
37221212
31243542
32026368
37320556
37998420
37513282
37321825
37661323
31979226
32336928
37688502
37456494
37673353
37446098
37949560
32176405
32163670
37901092
37434027
37966388
38077670
37400667
32104388
32396190
37532657
38200947
37968262
38070496
37657362
32362203
32948789
37864987
38054506
37571534
38056810
38203563
32092193
32829845
37707648
38135011
37948134
38173175
38338065
31835964
32647108
37525619
38255421
38071491
38266051
38249956
32177500
33100578
38200150
38448286
38166163
38358675
38734159
32012270
33094028
38188897
38433584
38472843
38477041
38444390
32066991
32892614
38102718
38403299
38343480
38434917
38569374
31781840
32730474
37821874
38611900
38003980
38209731
37560562
32016527
32317649
37696956
37815565

