0
0
0
0
0
0
0
0
0
0
0
0
0
0
0
0
0
0
0
0
0
0
0
0
0
0
0
0
0
0
0
0
0
0
0
0
0
0
0
0
0
0
0
0
18
0
0
0
0
21
0
0
44
21
71
24
0
29
25
59
0
29
57
0
93
62
96
65
33
77
72
110
181
75
236
79
293
81
388
42
144
357
135
283
196
193
99
53
118
106
52
52
113
282
224
116
64
62
124
0
129
453
190
268
216
133
354
0
220
142
291
297
158
168
399
403
256
161
509
258
428
101
264
366
289
684
301
193
587
299
511
522
406
530
631
548
742
313
685
343
684
806
698
714
379
633
370
252
365
426
791
236
838
246
598
120
611
377
868
622
660
0
250
258
642
896
937
509
532
140
664
401
1063
1194
551
793
1089
956
816
549
688
1581
986
1594
843
862
463
857
1012
1469
881
1297
1316
580
1723
1207
1625
2174
916
1522
1710
667
2090
1103
1759
2122
2056
1779
1089
2107
2074
1465
1654
1808
2615
3091
2353
1973
3757
3051
2893
2928
3620
3092
2594
1544
3345
2478
1561
2997
2815
3776
4070
5521
4080
4028
2342
3133
2771
3848
3932
2288
2821
3196
4941
4905
5373
3578
3655
3076
5006
2822
3546
3126
3955
3946
2733
3499
4437
3230
5058
3966
5238
6032
4434
3711
3732
3478
4577
2455
3778
4147
5295
5714
4220
3966
5727
4967
3032
5601
2977
5177
3676
5281
2994
4823
5176
5308
5650
5078
3511
4915
7887
8339
4311
4528
6174
5895
3887
3418
4550
4633
7361
7471
5163
5143
5328
8028
4533
6672
7274
5751
5171
7479
9247
5083
5607
5910
7747
5859
7942
7608
8463
7711
9024
6308
9060
9312
9047
7768
11236
9462
6959
9492
6637
9804
10377
8469
11073
6994
11801
7904
12095
7903
9293
8845
8458
10198
11270
8558
7100
10405
9585
9236
12554
10948
12127
12993
11907
11144
13758
8918
12829
10869
13983
11507
13634
10766
9959
14776
13760
16164
11089
8630
13599
13776
12378
16695
14001
16044
14128
9743
16241
13066
14263
10105
13823
15628
13432
17486
13414
14765
12773
11608
12645
14575
11984
8845
14919
13383
14310
13009
18228
14018
16735
16379
14597
14629
17472
14762
17823
16121
15041
19471
15532
17679
17438
12279
17231
15855
13342
17513
16794
17826
20050
21006
23965
17123
20845
14094
17604
22656
20918
22737
26784
23544
24178
19276
22304
18921
26562
27101
22700
24037
24111
24676
23857
26508
28623
27254
29267
27434
32958
27978
32995
31010
35565
34259
32423
29870
30691
32556
32889
33890
37083
28453
33367
29507
26067
30664
33898
31148
36798
27577
27824
31756
26591
30481
28479
28995
24735
30990
27894
30878
30543
29101
28059
25706
32577
28318
23806
25340
29611
26236
25698
24980
32100
25867
23258
25274
27142
22875
24647
17180
16688
20607
17900
20404
17755
24536
19106
22483
23267
22102
21481
19951
20001
18740
18700
19426
22672
15613
17729
20490
17201
17483
18811
17867
20613
14164
21970
20195
16190
21714
22336
23199
23780
19096
21379
15665
26061
20982
20551
21645
15774
20142
21624
22031
13231
15164
15153
13930
14984
16632
14913
20642
17546
19696
15371
18272
15411
14566
15061
17036
13741
14606
14270
14230
14369
14008
17128
15739
17722
13844
12263
14991
12478
15125
14233
12791
12817
15275
15218
14204
11630
11104
8907
14345
11639
11751
13098
13238
11722
11759
12156
14647
13508
12774
10918
12939
11488
12366
10559
13445
12900
10904
6743
10760
12410
12162
12592
12146
9582
15570
11108
12061
7299
12314
5880
9742
10973
11339
10813
14798
6347
13367
12430
11444
8013
10447
11349
12061
11057
7173
9524
8732
13252
10660
12997
10119
10204
7105
10647
11234
9703
8711
10206
7241
9738
11287
9382
6664
9864
7405
14002
11786
5855
9364
9433
10443
9043
7840
10021
5261
12140
6401
10077
8494
9054
9222
5922
8484
8565
6772
7654
6959
7036
9101
10790
6524
7075
10792
7450
9850
14823
9853
8702
6435
10374
9885
9168
10438
9415
9943
9904
6251
7267
9454
8348
6615
7571
5017
9549
6808
7889
9578
5570
6135
8016
8485
8486
10831
6646
7282
8022
6758
8488
7487
11543
10419
5847
11587
5789
8059
11622
5274
7662
8263
3418
8094
6381
6563
8251
8273
7703
9967
5903
9355
8298
7069
7067
8228
5329
7063
7731
8499
5317
8938
7090
10687
7213
8450
5917
6099
7226
8537
7968
8482
4817
6117
3635
4863
8444
4824
7340
10465
9215
8052
3680
8590
5036
7490
7993
7998
8554
9340
6330
8149
7478
8052
6304
7570
3719
4360
5587
8217
8042
6928
7723
7041
3100
7134
7709
7081
5663
4469
6868
3210
5893
6575
6843
10454
3810
7746
9097
3266
7114
6539
6451
3825
5819
2612
5274
2598
4595
7930
3280
5308
5884
7327
4596
5991
4648
3268
3960
4683
4036
7352
3365
4025
2676
5273
4749
2033
5942
5401
3332
6069
2679
4107
2006
3457
4835
3964
7524
8224
1326
3439
9663
4126
4800
3492
3542
4114
6233
4842
5512
2132
6189
4140
5619
4865
1431
4146
6925
2766
5495
4835
3467
2856
1428
3595
4947
1435
3462
6528
5577
8573
1396
7087
7132
4309
8733
4262
2801
2759
7264
2873
9373
1475
4337
2901
6395
2200
5061
6687
2953
5121
8747
3588
1451
7322
8773
6519
3648
5187
3740
7450
2260
2960
4454
5886
6666
2290
3713
7417
3642
6035
7629
4548
4512
5146
9062
6787
4547
9916
5266
9206
8253
7398
3073
5282
4508
4622
3813
6168
5244
4557
4570
6940
5179
4561
6138
3075
4638
6092
3793
5339
4576
2330
2281
5285
6937
747
1536
2257
3890
6342
5480
807
2224
1503
3181
3044
2377
3162
789
3121
4745
5518
5518
3971
1536
3158
831
4731
3167
2401
1602
3959
1580
6427
4853
4049
1586
2465
2408
2365
4843
4796
1619
2420
3228
2335
2308
1569
3193
3197
1600
840
4753
4873
2467
1608
1641
3964
4062
2525
2483
3334
0
825
5701
4191
3281
807
828
5808
2367
3233
1724
2488
819
1666
4930
1606
1648
3384
6678
3290
1676
871
839
2543
2621
1672
4093
4981
5023
5091
4301
867
5176
2545
3342
1694
2578
1728
3435
1676
2488
860
1710
846
3389
1675
859
862
3462
0
2583
859
1713
2614
879
1706
1744
6126
864
841
855
6104
1772
1715
1678
0
0
0
0
2650
4351
860
2602
1755
864
0
912
3509
2642
0
1765
0
0
1773
1695
2696
0
892
0
892
2615
1727
1704
0
1821
0
0
914
904
1875
1852
870
3686
2660
1823
927
1756
921
953
0
1789
922
2714
940
2781
1831
947
1778
1884
2699
920
0
3644
886
1750
0
0
0
0
936
928
2804
945
2772
946
951
0
2836
969
904
2840
0
968
2810
939
997
1954
0
0
0
989
0
1846
989
1935
1009
0
926
0
2921
0
3810
2882
956
959
926
992
0
975
937
978
2047
0
1978
1888
1969
0
938
0
0
975
0
0
0
1001
3974
0
0
0
998
2911
0
0
1912
0
0
0
0
1016
950
2014
0
0
1057
0
1021
0
1034
1051
1019
2028
0
2024
0
0
2008
1040
0
0
1971
1006
0
0
1039
0
0
2948
0
0
1038
0
1034
1981
1032
990
0
0
0
1038
0
1193
0
0
1020
1055
3101
1037
2099
3175
0
1056
0
1010
1006
0
0
2132
0
0
1009
0
0
1048
1041
1069
1062
2105
0
0
0
0
0
1071
2085
0
1098
1052
3192
0
0
3129
3253
2135
1131
0
0
1043
0
3103
2134
0
0
1013
0
0
3151
2155
1053
0
2084
0
0
0
1070
0
0
0
0
0
0
1039
0
0
0
1114
0
1082
0
1099
0
0
0
0
1060
0
0
0
0
0
0
0
0
0
0
0
0
0
0
0
0
0
0
0
0
0
1048
0
0
0
0
0
0
0
0
0
0
0
1123
0
1059
0
1152
0
0
2162
0
0
0
0
0
0
0
0
0
0
0
0
0
0
0
0
1150
0
0
0
0
0
2336
0
0
0
0
0
0
0
0
0
0
1159
0
0
0
0
0
0
0
0
0
0
0
0
0
0
0
0
0
0
0
0
0
0
0
0
0
0
0
0
1172
0
0
0
0
0
0
0
0
0
0
0
0
0
0
0
0
0
0
0
0
0
0
0
0
0
0
0
0
0
0
0
0
0
0
0
0
0
0
0
0
0
0
0
0
0
0
0
0
0
0
0
0
0
0
0
0
0
0
0
0
0
0
0
