1077296
1136640
1142058
1139989
1139469
631854
1027226
1143221
1138388
1145265
1264633
1235566
668794
1090460
1290669
1237537
1139656
1143489
1136446
632929
1020131
1136507
1136552
1138036
1137092
1142401
632993
1019558
1143956
1137220
1143328
1165049
1138202
675681
1021671
1139854
1143710
1288058
1245193
1267458
696238
1076785
1227169
1232018
1170929
1148789
1164452
649775
1035545
1172263
1155250
1155611
1228886
1153614
648540
1130881
1214195
1161751
1233982
1164242
1212786
646946
1197775
1145719
1242073
1145772
1144616
1143863
646726
1120162
1144266
1146173
1142178
1237796
1233895
635186
1020683
1138666
1136828
1142609
1140540
1138483
632454
1020224
1237073
1140031
1137545
1141489
1135755
633750
1021026
1240084
1137203
1138122
1193358
1236737
688355
1099618
1304304
1186575

