242237
241395
302298
241909
242563
241562
241215
132806
134122
133851
138657
143077
136130
135328
134096
199859
197430
132143
132970
132766
131691
132431
132697
133169
132712
133275
131943
131813
197801
132734
133767
134362
132203
137116
132153
131906
132881
134814
134696
203627
149249
132145
132454
134865
133107
132490
133335
132662
132293
132854
132700
132417
133598
132731
132218
135880
131953
134047
133459
132337
133633
131913
138468
131938
134368
197002
132271
132581
132760
137418
132336
146953
132553
133996
133987
132206
133220
131960
132413
132548
132504
196700
132910
131722
138599
132651
132377
134302
132669
132597
131828
140114
134070
136044
214760
134768
135775
133891
140957
133547

