21048084
20962541
20744874
20973911
20792070
17545290
18867763
20956887
20499675
20795298
20979061
20718740
17715623
17696649
20594541
21377394
20746979
20739342
20900327
17568488
18004227
20865654
20790370
21031838
20678043
20735852
17569392
18073330
20643686
20627038
21071007
20627534
20680757
17542145
17903935
21221428
20552504
20646597
20900440
21301107
17319862
17744242
20885656
21088966
21133100
21121276
21014975
17825863
18406820
21122248
21046610
21269250
21272428
20910711
18155645
18298323
21005364
21178651
21069124
20896058
21363591
18423457
18329679
21466178
21508571
21317984
21364532
21432439
18271035
18310758
21430457
21359845
20835720
21308797
21094093
17346016
18207808
20883442
20806812
20850967
20853796
20911471
17450614
18219307
21086117
20654774
20920669
20909012
20635370
17584907
17922518
21276863
21646622
21235307
21377777
21283377
17862424
18537975
21263533
21507758

