0
0
0
0
0
0
0
0
0
0
0
0
0
0
0
0
0
0
0
0
0
0
0
0
0
0
0
0
0
0
0
0
0
0
0
0
0
0
0
0
0
0
0
0
0
0
0
0
0
0
0
40
0
39
0
0
49
47
88
0
0
0
141
50
50
47
197
104
97
266
164
162
224
116
164
61
167
167
177
120
313
385
440
255
243
255
131
194
66
274
254
137
142
289
349
210
71
135
144
223
296
0
0
229
242
401
327
167
161
339
662
262
421
595
172
180
0
341
447
272
88
555
544
259
189
381
96
567
377
283
284
888
401
782
412
597
722
308
514
411
625
644
924
232
316
750
630
326
329
679
226
113
681
328
355
463
0
932
708
225
593
470
741
612
733
484
754
357
260
505
367
1012
370
911
1018
648
522
1167
406
912
1071
1877
692
543
1092
1236
264
826
831
1251
970
1108
839
993
1858
1588
1021
1302
1613
1441
1191
873
2362
1777
1517
2528
1102
1363
1670
1387
2479
2022
2456
1865
2662
2374
3293
2356
2550
2879
2763
3005
2145
1633
2611
2457
3260
1676
2347
3343
4258
2522
2961
2218
3555
2622
2611
3410
4684
4382
2474
3169
4253
2647
3196
3234
2867
3256
3710
3321
3448
3286
2377
3358
4205
3546
5051
3369
4088
2283
3996
5136
3659
2872
5968
4632
4115
3853
2759
5513
3508
1981
3385
3977
4404
4766
5009
4047
5633
5462
3665
5172
5076
3739
5248
4560
3105
3533
4597
3843
5035
4074
4871
4891
6727
6754
4731
6712
5428
4126
4476
3255
4411
5965
4698
4893
6998
6951
4456
7946
7041
3594
5976
6820
5702
8245
7937
6256
6764
8155
6961
6749
7989
5836
7854
5925
10337
7906
5960
5978
9057
6234
7216
9540
8565
7151
12045
8883
5764
7618
8469
10461
7239
10099
10136
10751
5529
9873
8080
7662
10689
8308
11350
8567
11886
9108
7860
8811
8127
11719
12036
12168
11958
9361
11792
10645
9974
11976
8413
16752
14428
10259
11742
10410
16927
12343
11874
11120
11918
15723
12738
14339
13938
18850
13899
10758
15037
13116
15885
12839
12069
17564
15091
16281
11112
16158
16939
10126
12859
14470
19392
13297
10962
10439
12869
13670
11412
15044
12475
18078
14797
13604
18144
13811
16206
13946
10555
13076
11634
14902
19467
13890
12088
18399
23942
15290
17745
16700
17498
17615
20382
19541
15358
22766
19690
17914
24614
19628
23237
20103
17834
24918
23975
24994
25423
24198
24181
23058
28729
25576
27384
30301
26029
23365
31900
31202
29031
24348
28145
30571
31605
25954
36503
33775
32940
36000
36669
29036
34852
30445
29520
30477
25964
32261
29937
34444
28377
21319
28276
34629
31279
28548
30517
32643
26162
31333
22922
27642
22050
23965
22626
23306
22862
25434
20146
25382
21964
28154
21728
22362
21455
22516
19724
23654
14899
15387
19450
21221
18788
20644
20633
17679
22377
15935
17430
17148
20241
18406
16095
16536
15418
15068
16600
19799
15562
22437
20618
20552
16368
15862
18822
17774
19130
17263
16211
18626
19381
16753
18805
19886
20001
17511
14347
14981
13212
16966
12548
16316
20514
17902
22807
18214
12618
13394
15952
16793
14603
14927
19518
21593
16954
17563
16250
13954
17595
15940
11374
14225
13117
16780
9724
12732
11045
11798
9756
17504
11031
11970
13240
11717
11544
13857
13352
13038
10371
12331
10025
9071
11802
12644
11322
9703
10580
15271
14576
12850
13710
11632
12392
13394
11759
12446
11969
11136
13904
13415
11627
8481
11700
8925
9491
8878
8987
13653
13680
10645
12792
10957
11106
10187
10053
9708
7790
9678
8802
9856
13795
9874
9300
13993
7433
11597
11144
8837
7531
13136
8941
7564
8034
15775
10877
10502
9041
7694
6223
4335
5782
7240
9652
8188
7344
8266
7204
7246
12562
8371
6879
7794
6852
10325
7351
10311
9280
9352
8349
7978
7757
12938
13533
8056
9942
6033
8403
11524
6967
7017
6532
6562
7034
6095
4557
10192
11629
5631
7099
8609
7083
6225
4110
6621
8723
6174
6220
6155
7856
7746
8748
8141
7248
9998
7367
4157
6342
9025
11550
8422
8382
4116
4249
8982
7518
6932
8989
10176
6955
4319
9676
6534
5815
5392
3216
9146
4861
6958
7536
5892
6496
5940
8053
7552
6023
7734
4315
3376
7637
6109
10385
8162
10958
8978
3341
7113
6709
6012
5581
6643
6680
7902
7920
5590
9640
9577
9563
6712
10278
10232
4460
8445
8519
10425
7965
4554
7370
9068
6248
8768
8617
5190
8059
8565
10435
5908
9272
6971
6353
7548
8141
6409
6452
3529
7023
6851
9297
4802
6458
6439
4175
1739
3479
3546
5329
6911
4166
8877
7931
7785
1774
2908
6005
3533
5365
12066
3051
5357
6630
1179
3042
7840
4280
5981
3641
6593
3016
1896
2331
3116
8604
4262
4305
7200
4308
2462
5594
1820
4361
6286
3803
5634
3695
6313
6200
7545
3065
4352
1277
3767
6345
3798
4366
2574
3865
4443
3727
9638
622
3100
3184
1933
3854
1954
1909
3074
3195
6468
3853
7015
5853
2585
8381
3274
5115
2583
5174
5843
2580
2643
5180
5176
3943
4628
5200
7884
4569
1300
1320
2022
3958
5994
5330
5913
4567
4032
9361
5966
5364
5359
5343
1412
4595
6007
4037
4730
5369
2645
3417
6124
9573
3452
5473
7389
5421
2652
4144
4802
2023
3406
4174
6822
10933
7437
4179
2783
4160
6929
2826
4877
2794
3445
4807
7007
2023
4964
4926
5579
4171
4111
4904
4124
4136
2087
3501
2856
2112
4995
6317
6438
3555
4897
4918
2067
5026
4999
7320
3584
4896
2182
2156
4304
2848
4308
4985
5047
2136
2209
2890
0
2823
2142
3640
7197
1439
5916
4400
3676
4453
1424
1493
2240
3682
4364
1454
1463
5049
4395
3725
4404
1483
3696
703
4403
2240
1434
2296
2951
3645
4596
791
4468
2982
2931
2279
3008
2947
2190
4496
4471
5229
3760
5301
711
3817
2304
3782
3781
0
2296
4630
4543
786
2303
3808
3060
1545
3794
3072
2430
2228
2333
1549
1564
778
4605
3867
3025
4713
1559
1579
2356
2365
5518
3978
0
1574
1509
1601
3936
1521
1544
4733
1549
2394
3957
3134
826
793
1541
4761
818
1595
1584
808
0
1573
797
2385
798
1579
2309
3242
5646
823
1619
4048
2440
2372
1603
3342
2440
1642
1648
1607
0
854
1666
3992
3251
2509
808
832
820
1665
2522
2524
1667
1640
4095
819
859
820
1660
835
0
1640
816
0
0
875
1717
1607
0
836
1621
0
0
843
883
0
1642
0
831
2570
1659
0
2517
827
0
2548
2455
2555
1692
867
0
2529
851
1748
862
0
863
863
0
0
1717
1694
4290
1756
0
0
877
1741
0
854
1774
0
880
862
863
1735
875
1717
0
0
885
1803
872
881
0
910
876
1740
875
4451
0
1759
874
836
0
894
0
913
0
3615
0
904
1795
896
0
889
888
3581
864
900
849
2694
1866
895
1831
912
861
925
0
927
0
913
906
0
1764
0
0
0
867
915
916
925
0
918
917
936
1845
0
917
2801
869
901
0
0
938
915
3715
0
0
908
0
881
0
0
0
2793
0
0
948
0
0
943
974
1007
1836
953
899
934
955
0
0
0
0
918
0
1869
0
985
967
956
0
0
923
1938
0
0
1950
0
1931
1932
0
2970
0
0
1992
1011
1943
953
0
949
0
935
1955
3929
1042
0
0
0
1935
0
0
0
0
0
0
999
0
1971
0
984
970
1003
0
0
1014
1015
0
0
0
988
0
0
1030
0
0
938
0
0
0
948
0
0
1041
0
966
1017
1009
0
0
0
1030
0
0
1004
0
3032
0
0
0
0
0
0
2972
2107
0
1014
0
0
0
1014
0
0
0
1031
0
0
0
0
0
1034
0
0
0
0
0
0
0
0
0
0
0
1059
0
0
0
0
0
0
0
0
0
0
0
0
0
0
0
0
0
0
2141
0
0
0
0
0
0
0
1091
0
0
0
1083
0
0
0
0
0
0
0
0
0
0
0
0
0
0
0
0
1088
0
0
0
0
0
0
0
0
0
0
0
0
0
0
1051
0
0
0
0
0
1125
0
0
0
0
0
0
0
0
0
0
0
0
0
0
0
0
0
0
0
0
0
0
0
0
0
0
0
0
0
0
0
0
0
0
0
0
0
0
0
0
0
0
0
0
0
0
0
0
0
0
0
0
0
0
0
0
0
0
0
0
0
0
0
0
0
0
0
0
0
