1588629
1680708
1687932
1687628
1678827
1402947
1552193
1681913
1684437
1691901
1683098
1683256
1395020
1552265
1688127
1734481
1741476
1693557
1719801
1414123
1570145
1683300
1712374
1718801
1718632
1722510
1394337
1567683
1686938
1715741
1713292
1691393
1683679
1395038
1559014
1688248
1698530
1687171
1688775
1688423
1408120
1575519
1688924
1711719
1698915
1711312
1704868
1409394
1576410
1698250
1691019
1688026
1689589
1689794
1397375
1561165
1714136
1701087
1698041
1686534
1688305
1397582
1557783
1688337
1692932
1714974
1734133
1691838
1388013
1548916
1684569
1688706
1693220
1687178
1706921
1389713
1551951
1696458
1691359
1687723
1680983
1683560
1396878
1573222
1683669
1688481
1685119
1694004
1686119
1392528
1556138
1694616
1686637
1683748
1685102
1685414
1392926
1551273
1691228
1698835

