222859
275608
252454
366772
270835
221217
219748
223587
121247
123855
121307
121627
120806
121902
121849
184134
169087
120820
122987
123154
170886
172212
176766
122631
124745
122829
123236
121487
119480
124902
121029
122229
121630
119213
120361
135161
145587
144192
159419
120840
122175
123105
122640
124342
123480
127508
174912
125821
138942
129830
132156
127374
127843
130076
131335
178958
127603
159152
127278
127730
128063
129151
129104
128809
128735
129752
128542
128682
128446
128140
128311
128441
170446
128873
178863
126374
152755
122814
158518
124366
122841
122844
128087
125112
124222
127072
126445
118419
136168
121107
125214
119855
135681
118412
124201
124343
119916
120696
121212
118930

