586745
437606
438112
402414
427903
335284
335656
404724
406447
403437
397726
397410
334108
336515
421391
403539
419631
430598
431692
354279
360424
419726
423187
422287
442591
436320
388649
387485
474483
508280
475074
482183
495337
453808
463606
539122
554428
564827
580682
602095
555934
584022
664278
690611
683761
672417
679927
601594
606512
671017
656790
639308
622408
626928
527325
519145
579680
557140
532072
518830
505925
425025
412460
483779
465860
469626
491357
443623
384314
365366
436395
422210
428302
424960
444229
353589
353222
407201
402040
408210
404071
405800
369962
351982
407339
409603
412564
399334
403733
344040
342118
403019
399133
397827
393766
393702
334581
337966
403050
405398

