2398250
2393956
2378528
2456836
2377608
1959461
2107612
2310253
2212159
2219205
2202142
2202329
1849946
2010694
2231381
2322172
2330208
2244989
2274495
1891584
2101469
2275250
2312341
2263742
2285982
2281671
1906239
2076668
2280915
2348939
2309420
2295820
2300669
1968091
2143008
2362552
2398565
2396211
2428897
2411388
2086250
2282676
2475878
2526732
2506180
2511257
2559741
2136827
2321886
2499118
2479987
2454728
2439859
2446817
2056053
2259292
2421439
2417400
2357417
2333109
2322315
1951773
2099360
2300946
2287546
2314369
2354047
2264162
1900806
2042435
2249288
2239369
2291981
2241024
2330044
1869689
2057939
2226485
2251929
2220312
2207905
2212215
1894939
2050329
2215256
2225171
2224142
2211769
2226043
1857690
2023483
2217502
2221464
2199999
2203078
2203468
1847435
2009949
2215500
2223172

