1960088
2016149
2020872
2098594
2062707
2014725
2055570
1999189
2018619
2017388
2020296
2074744
2072233
2031630
2051151
2114461
2019747
2017612
2059251
2022089
2001130
2069107
2061821
2019929
2024697
2026977
2010226
2013055
1973406
2027784
2017483
2037359
2091973
2069647
2083970
2091072
2087224
2082396
2106018
2093325
2156097
2101417
2174047
2182653
2132424
2222179
2210982
2205051
2146801
2173710
2238238
2247955
2201303
2261890
2216636
2267831
2267858
2277010
2371431
2230176
2196200
2170292
2114019
2096545
2120852
2150930
2105389
2129139
2105519
2117382
2061169
2076720
2097132
2084204
2069536
2072168
2053639
2033008
2045254
2057411
2086544
2073780
2078720
2051414
2023841
2020562
2085494
2111188
2058994
2043570
2008229
1926358
1983051
1983606
1991123
2005928
1967752
1966615
2004093
2025117

