612388
638787
610334
635372
609667


608898
612005
662039
615108
613518


611259
618661
613458
611807
612690


636360
638408
617436
616509
616632


618626
623542
640433
623298
627157


644743
637933
657084
642278
641895


653151
659209
705678
698549
675994


720586
675321
673837
681428
680344


724755
706567
707150
678444
680988


684495
680036
701797
711143
678095


683296
688244
727216
681866
677753


677407
681353
711719
685753
681199


688860
682648
722764
712430
684060


682627
683956
685077
708760
683331


675370
679995

