249889
250599
248150
252511
247646


247593
250168
248726
249995
247725


254149
249824
250263
248152
249587


259444
261368
248183
250353
248515


249072
251322
250365
249562
251266


261825
253797
268430
269067
253860


254342
255537
260711
267861
256193


257803
257830
257078
286381
257723


258696
286699
269610
257017
258768


261391
267636
294234
257359
258007


260927
265970
275021
260660
259269


258717
258897
275387
258766
258114


262503
258344
274130
269120
260039


259400
259112
261858
271826
259732


258363
260772

