4207655
4177131
4296819
4248718
4186596


4221234
4215544
4162960
4212995
4395255


4430909
4177800
4220736
4204787
4184298


4402540
4282165
4175875
4199811
4251143


4217343
4209379
4169124
4205648
4213497


4196555
4232137
4300964
4188078
4209663


4218347
4198789
4237467
4258405
4215646


4180409
4174992
4173581
4169341
4181388


4211130
4315643
4365181
4201687
4211212


4209661
4384045
4266515
4233151
4250794


4230504
4335572
4457396
4261248
4396440


4212359
4269842
4265101
4229593
4220072


4225783
4329990
4274445
4287164
4231782


4219540
4407550
4248328
4303292
4250333


4211256
4531607

