115530
122061
123427
122700
132399
53433576
53262832
116632
121805
120409
121119
123308
53886838
53720133
122259
119695
119273
118954
119047
53798070
53871912
119632
118705
118485
122509
127690
53174757
53487344
114116
124793
121916
121391
127128
53950961
54616352
153820
123857
120891
120623
120740
53614893
54116743
115958
126690
120970
120387
120377
53270816
53238123
132474
119665
120204
152447
118936
52469907
52897210
115965
134421
119631
118155
115986
53764627
53704558
107550
110436
108799
107578
107220
53935461
53677042
110497
108263
120600
107924
116428
54311185
54234483
107194
108047
107266
107212
107249
54272881
54128644
107298
108066
107383
107104
107552
54036403
53712619
107024
112832
107460
107209
107450
54443773
54650168
107772
111568

