55209426
54890557
55599993
54453724
54671281
238671
240982
54647237
54284974
54637287
54494841
55259166
323012
322581
55330077
55017677
54920301
55650095
54263212
447266
457369
54806486
55090811
55231755
55627717
54529859
313569
382640
54515081
54730462
54377315
54680327
54641875
196703
196378
54988833
55165208
54634615
54642418
54923451
235554
232863
54919157
54866780
54657027
54840702
55181613
303280
301804
54513486
53736607
53670884
53984344
53653517
290724
195725
53694062
54128044
54784100
54367076
55109462
180605
171171
55558125
55017903
54787930
54971909
55470531
168993
165535
55308615
55012209
55179967
55344621
55319706
196346
221110
55192989
54986199
55464290
55390879
55844270
245354
290980
55542482
55766105
55100412
55212441
55308345
336333
376138
55491294
55220720
55419127
55985295
55267799
431749
475325
55149254
55461201

