1036565
1110602
1101278
1099713
1108064
598936
984854
1099195
1107077
1100327
1109832
1102777
656924
973027
1105055
1225103
1109675
1177054
1100152
605388
1022969
1114671
1097892
1096980
1108644
1099202
600069
973864
1107342
1104989
1106178
1102570
1107159
604179
982865
1110366
1106921
1106240
1182228
1111803
608941
985657
1131426
1111221
1128738
1116755
1180398
621975
997842
1139580
1117268
1117737
1117975
1120666
619241
991256
1113984
1115518
1196770
1112541
1112227
615119
993354
1113491
1126344
1119363
1109466
1112140
603837
977489
1109765
1110528
1109146
1149729
1107334
603375
973837
1106357
1104550
1105328
1160303
1106875
610993
976776
1102578
1102433
1100951
1198795
1105668
601596
971348
1099498
1113864
1104714
1164804
1152087
599669
973011
1102401
1099188

