231593
231610
231976
276139
231588
231360
230109
127469
172693
127831
130177
127716
130069
127747
126584
132538
128998
127235
128182
128608
127586
130230
129117
127260
126785
127606
126874
126490
126938
127247
127184
127066
127546
126782
128954
127005
127701
171098
128474
171434
127193
126830
127665
128123
128020
127633
128695
128112
170507
126807
127189
127376
127555
127229
127516
126725
126625
151467
128795
127073
127233
128263
126245
126519
128297
126986
148775
169198
126781
126144
126511
127355
127268
127495
127026
127290
126351
126605
127000
127404
128499
127235
127413
127029
127584
127100
127441
134353
129577
127498
126203
127906
131802
127237
130454
128836
127404
126743
126135
129834

