62355000
62095308
62899619
61811647
61910321
55686983
55559404
61840808
61503142
61848830
61714375
62713734
56282095
56074357
62799828
62298140
62143800
62851429
61488108
56267439
56330425
62293590
62453301
62411683
62841617
61800835
55498565
55883052
61687668
61967304
61576657
61917606
61952925
56217323
56896716
62336872
62500181
62064402
61968504
62242956
56006556
56451034
62335023
62289679
62114301
62408106
62660827
55779161
55686747
61978491
61202674
61143557
61475264
61153819
54977281
55360781
61272491
61848408
62617129
61852578
62572643
56115540
55989765
62917798
62580931
62310228
62386552
62893808
56209989
55959974
62655029
62487002
62857353
62740545
62839156
56579714
56509246
62481698
62349615
62881199
62758768
63184706
56596969
56471052
62850790
63165737
62564650
62699469
62650797
56416319
56097004
62686266
62667244
62705478
63367528
62574598
56843288
57092123
62406132
63070283

