63623180
63437586
64232898
63187534
63250000
56517309
56774400
63067498
62782940
63077015
62954408
63944250
57069111
57175153
64031490
63655807
63382497
64155743
62716466
57001459
57481002
63538512
63680336
63635948
64077069
63027664
56225533
56983427
62921965
63199562
62810048
63147265
63187655
56948306
58008560
63574264
63734827
63341767
63279231
63526217
56742712
57563549
63594140
63529049
63371083
63652519
63969945
56529269
56855118
63244900
62447155
62388694
62720817
62401735
55724062
56478786
62513125
63115418
63942720
63092215
63812129
56858941
57109390
64157828
63835589
63556589
63644808
64175163
56940626
57063625
63891319
63724900
64093787
64017789
64073539
57310398
57609456
63714679
63581184
64113953
64047590
64418837
57335397
57574878
64080967
64395289
63793062
64032644
63886065
57145439
57194575
63913702
63912930
63937446
64662810
63855544
57570379
58191922
63634690
64299327

