1474597
1605678
1574043
1583552
1522769
1156663
1351134
1507102
1494198
1497160
1550564
1502374
1172503
1390569
1531724
1502991
1575561
1549471
1545620
1166312
1349133
1518899
1570583
1559671
1563348
1498753
1193166
1344540
1550337
1557183
1506531
1534530
1502293
1139679
1344585
1496119
1515129
1543528
1504263
1522102
1138157
1351245
1491810
1542163
1532733
1515885
1494004
1166167
1347532
1509978
1519756
1526965
1552128
1552934
1149943
1375902
1553929
1511663
1517997
1494657
1511189
1191032
1383172
1521090
1494901
1502827
1550812
1524167
1141779
1378311
1535263
1498482
1537878
1511088
1516517
1162882
1372213
1526722
1522675
1508236
1526692
1496100
1160504
1389869
1506915
1499382
1515083
1506478
1547490
1158192
1355152
1500159
1528487
1501972
1541915
1493978
1167131
1340950
1519587
1550475

