222353
222258
222530
222091
220879
215202
209945
111829
110214
108807
119504
109522
110630
113355
111705
108819
109382
109271
108814
108456
109315
109617
110251
108860
110079
108121
108556
108522
108564
108347
108329
108535
108654
108536
108637
108799
109191
111279
108666
109685
109538
109154
108971
110100
111052
109663
109812
110378
109685
109201
109925
111305
109784
109965
108975
109292
109922
108927
108619
109917
108467
109611
111029
109672
109643
109273
108910
108406
108772
108048
107999
107927
108586
107969
108190
108291
108095
108808
108242
107914
108321
108133
109431
108864
108154
108785
109804
108115
110387
111288
108312
108745
108791
109541
108637
110569
110215
109847
108155
112868

