232038621
233110300
233679200
233527306
233408968
218539447
218320803
233934394
233908539
234517102
234193882
234369479
217727754
218007235
234576511
234304956
234326418
234326421
234368722
217400177
217817853
234673814
234674990
234104708
233853986
234107163
217276061
217511977
233860084
233734333
233293686
233462032
233772360
217448865
216899011
232977849
233289007
232907204
232064141
231716509
215478405
215356659
231038054
231174363
231206543
231044020
230586140
213588775
213848860
229986381
229134988
229095270
229012914
228832333
213056696
213155502
228854501
228876269
229006418
229687523
229424415
214007092
214192376
230189981
230548261
230645412
231323131
231633499
215633467
215534720
232332463
231806947
232427325
232338280
232496789
216691673
216340797
233344607
232987283
233052688
233104276
233355626
217016802
217063392
233628898
233484379
232996404
232726304
233410631
216569535
216675470
232930026
233104174
233780431
233448721
233106226
216924197
216616161
233225463
233025657

