233735588
234938355
235475803
235332979
235152640
219911333
219881917
235553347
235512971
236123086
235863965
235981407
219010907
219511178
236219956
235916792
236011379
235985185
236023170
218674963
219276314
236302359
236355837
235773252
235527430
235714048
218577796
218965051
235518997
235399876
234908576
235105110
235383331
218697093
218352248
234582780
234913344
234562027
233677082
233348311
216726120
216817071
232638848
232826645
232850344
232669584
232189973
214865344
215306093
231605579
230764680
230733552
230674842
230495258
214315628
214640707
230518366
230496873
230633058
231292111
231044105
215307750
215686607
231820756
232152821
232257537
232982868
233266086
216884051
217021093
233975739
233413373
234073809
233957354
234121530
217962863
217821125
234980165
234618233
234668862
234739306
234959892
218286755
218562150
235243983
235092565
234621314
234340917
235068529
217839033
218138959
234538958
234741477
235391981
235099294
234710810
218201570
218066988
234853225
234689018

