1081291
1145407
1145395
1215028
1145980
626839
1018098
1194795
1145970
1147392
1149589
1147625
624518
1020539
1145480
1148236
1220021
1146890
1147061
625952
1018597
1148077
1150456
1149436
1149032
1174384
626357
1021400
1149147
1242344
1151426
1150571
1156831
627904
1022554
1159491
1151844
1152899
1154767
1155995
631987
1027194
1159533
1172566
1162464
1164002
1164181
638363
1031541
1167427
1168503
1238173
1169948
1171622
641188
1036279
1167465
1168322
1240374
1165525
1162374
634393
1028441
1159547
1227955
1156455
1154631
1155620
628913
1028134
1151059
1153405
1149829
1151722
1148300
625709
1020890
1147297
1218534
1182048
1149374
1147491
627788
1017289
1146876
1145532
1146393
1148582
1214565
624635
1020603
1148067
1147712
1215811
1148332
1146848
627471
1019380
1150702
1144749

