241138
240701
240568
240972
240515
242342
240729
152557
133932
132085
206741
136383
133003
132638
131615
133159
134155
131703
132456
134619
132119
131821
131717
132051
131556
131696
131490
131580
131642
137019
131650
131628
197303
131474
131707
131541
198781
131899
131677
131554
131576
131771
131610
136511
131817
131940
132024
131732
131540
131751
131794
132100
131791
132011
131762
131603
131546
131559
137073
131817
131866
131526
131255
131588
131523
131729
131473
133286
131749
195851
131369
131832
131866
197027
131732
131846
131627
131338
131625
132062
131674
131542
131704
131779
132738
131957
132001
131862
132605
131992
132392
131738
132484
132042
132424
132988
140851
137871
204732
132915

