1474922
700467
639189
703879
639921
532770
534262
641496
643045
643967
650892
650368
544623
556219
672086
668631
674315
681812
710532
581435
588366
845620
763122
806960
744849
821565
650224
661482
799299
814241
828908
844840
863766
734251
746728
923170
950876
960131
1054279
1008482
870356
863723
1132516
1110233
1167064
1106606
1190038
915424
920538
1216387
1125102
1109511
1091103
1080226
859525
847842
1019126
993366
1018321
954136
951804
743563
735566
940177
918492
838825
898487
818981
740128
658612
855336
778660
835908
759008
753390
617967
680733
725877
797716
715120
777020
701150
578506
572398
684507
754109
679626
745028
671455
618866
550940
664385
661970
659396
659965
666034
541189
616450
703113
750618

