2796339
2104360
2032157
2107605
2034150
1466847
1796920
1992288
1925640
1994387
1942545
2008212
1306236
1780150
1953487
2024292
1957810
1966733
1996099
1345864
1737965
2150551
2140490
2105727
2031777
2112879
1409560
1881560
2083100
2171401
2115371
2134821
2153048
1493709
1898982
2283320
2250075
2266444
2350719
2316385
1635504
2027389
2429754
2412177
2467378
2407601
2494051
1703155
2095991
2564550
2433855
2490525
2414332
2458468
1638557
2090100
2325709
2296635
2322229
2284502
2257925
1512307
1898286
2235230
2223793
2135121
2207802
2120496
1503088
1823324
2154724
2078115
2127196
2046968
2109942
1374863
1831009
2010524
2080742
2002834
2061224
1985499
1342960
1723246
1970117
2042242
1966091
2047543
1960781
1376552
1705740
2037883
1953528
2015263
1953121
2018228
1302099
1769807
2106695
2156196

