1036753
1094277
1092930
1092509
1091845
598549
968421
1159454
1148370
1159429
1153798
1175282
627195
1016365
1127763
1127135
1162187
1131839
1250284
647863
1059806
1095165
1099294
1095466
1096325
1091128
598854
970583
1095322
1095479
1097063
1113252
1096654
705018
975758
1098552
1099375
1098834
1100794
1100729
604378
977534
1107025
1160489
1161778
1108554
1108620
613109
984810
1110505
1113443
1114623
1111739
1111038
615035
985283
1109573
1110590
1120939
1108265
1171004
611090
994637
1105125
1106222
1108879
1100681
1098747
601786
974223
1097933
1096407
1117695
1133135
1192873
636454
1010065
1132888
1145112
1152566
1178734
1122852
621645
1017110
1152494
1104200
1093962
1093982
1093047
598026
969017
1094149
1094622
1095299
1093554
1096458
597268
968587
1102778
1105809

