233543
233306
233255
232913
232701
233017
235322
131252
132648
129765
133253
133982
130236
130306
130346
132809
150887
130640
131582
130031
130726
129471
127410
127621
127826
127287
127362
127306
127746
127783
127037
127972
127305
133543
127414
127439
127394
127303
127172
127278
127864
127188
127599
129203
128961
127897
127498
127494
127423
127220
127201
168493
127379
127458
127467
127413
127250
127354
165284
127265
127535
127855
127712
127397
127770
127691
127218
127149
127329
127438
168201
127167
169004
130122
130138
130348
171476
130749
173976
129883
131113
130531
172890
129512
130896
129059
128046
128062
129311
127940
127589
127922
130113
169955
130206
169802
128605
135353
137008
127835

