1421308
665412
699160
635470
697606
528327
555655
670139
640464
637056
640890
645847
537352
541786
656160
665984
665264
672584
678748
572586
580135
706150
782496
725509
801869
754057
698210
659313
801617
816533
832043
854862
883303
761053
787869
970341
1002233
1026219
1060485
1101187
950863
983894
1220343
1262941
1321114
1353931
1313361
1173886
1127130
1377726
1425685
1343956
1327582
1369909
1081211
1129175
1239882
1277730
1231316
1128995
1112596
895080
868708
1072601
1037180
952423
975077
897556
806123
719566
905303
820546
877699
793219
843931
642247
632668
743038
735744
725526
716711
708947
588845
578317
689549
755509
678287
739601
671235
610895
546352
728456
655914
719923
655775
653922
537076
538219
648957
648894

