2611328
1989893
1937235
1982160
1979958
1344368
1736711
1936575
2049444
1922327
2057749
2001100
1362246
1689082
1976720
1995547
1995802
1947327
2071130
1364810
1774151
1910171
1965041
1925325
1979135
1938959
1383022
1739797
2001980
2017013
2032173
2073802
2134894
1687682
1863630
2167214
2217023
2218711
2297466
2289226
1693741
2055527
2440159
2534387
2600545
2483291
2548901
1836316
2222224
2607051
2548866
2577357
2515245
2498042
1821553
2133437
2474983
2394592
2405572
2320266
2363669
1600612
1957261
2193774
2221078
2145326
2154226
2085494
1481221
1796235
2075002
2014520
2065866
2072493
2145053
1413045
1832373
2020324
2079125
2034556
2082885
1992989
1395348
1716124
2012329
1895319
1895169
1904007
1874547
1310834
1630060
1909023
1865859
1905582
1860753
1900906
1247913
1625772
1876586
1867239

