0
0
0
0
0
0
0
0
0
0
0
0
0
0
0
0
0
0
0
0
0
0
0
0
0
0
0
0
0
0
0
0
0
0
0
0
0
0
0
0
0
0
0
0
0
0
0
0
0
0
0
46
0
46
0
0
55
53
101
0
0
0
166
68
58
57
250
125
132
315
211
200
270
132
204
67
211
204
212
142
365
466
541
310
312
314
152
243
75
328
324
169
167
348
427
263
83
180
177
270
365
0
0
271
291
470
405
211
202
415
797
321
550
719
204
209
0
424
549
321
110
661
676
329
228
495
118
691
448
372
350
1109
507
961
482
695
906
388
632
514
764
761
1159
259
375
952
806
390
425
858
279
149
842
413
423
569
0
1164
873
271
769
593
1013
764
892
585
939
463
301
639
442
1272
449
1134
1227
840
656
1466
500
1162
1352
2321
858
684
1308
1541
332
1008
1006
1557
1193
1398
1044
1241
2339
1954
1261
1694
2022
1758
1467
1067
2930
2440
1865
3167
1325
1730
2047
1673
3026
2732
3027
2308
3277
2841
4155
2925
3221
3525
3485
3685
2695
2015
3156
3085
4111
2070
2891
4115
5258
3175
3850
2784
4504
3201
3331
4395
5860
5445
3970
3950
5370
3449
3982
4034
3603
4028
4592
4123
4244
4174
3019
4130
5315
4417
6334
4252
5116
2748
4981
6448
4524
3820
7519
5821
5165
4917
3479
6915
4628
2508
4182
5054
5511
6008
6216
4992
7054
6816
4523
6410
6445
4683
6556
5654
3841
4389
5887
4818
6376
5093
6158
6129
8381
8449
5927
8275
6868
5229
5720
4053
5478
7496
5760
6147
8547
8594
5550
9821
8761
4552
7437
8777
7180
10364
9997
7915
8443
10184
8669
8558
9957
7645
9814
7467
13238
10067
7466
7438
11563
7948
9215
12012
10723
8832
14912
11079
7122
9640
10694
13080
8944
12604
12524
13539
7042
12567
10072
9549
13301
10378
14154
10667
14735
11417
9686
11429
10410
14769
15565
15265
14958
11630
14811
13291
12596
14838
10475
21116
18014
12958
14770
12970
21499
15692
14876
13747
14988
19568
15743
17826
17791
23497
17168
13382
18828
16407
20054
15924
14887
22013
18804
20470
13731
20354
21015
12832
16237
18266
23924
16700
13626
13074
16009
17256
14250
18699
15777
22659
18491
17028
22526
17481
20397
17814
12842
16577
14494
18339
24304
17304
14824
23218
30136
19040
21854
20875
21635
21820
25351
24683
19028
28371
24473
22363
30631
24394
28980
25128
22361
30800
30115
31350
31705
30286
30435
29007
35917
31601
34385
38222
32324
29319
39716
38848
35801
30584
35005
37756
39555
32229
45183
42130
41568
45021
45933
36116
43321
38029
36662
37480
32383
39851
37111
42799
35135
26218
36041
43857
38914
35476
37867
41335
32383
38934
28711
34420
27307
29781
28471
29277
28618
31386
24891
31322
28006
34805
26826
27927
26839
28399
24391
29556
18386
19190
23981
26405
23184
25936
25567
21997
27791
19810
21436
21145
25208
22669
19913
20734
18951
18503
20947
24332
19246
27906
25784
25473
20434
19877
23665
22008
23659
21710
19881
22890
24182
20592
22970
24657
24655
21951
17703
18400
16573
21494
15469
19910
25472
22288
28493
22525
16153
16611
19711
20655
17833
18281
24155
26812
21462
21747
20153
17681
21689
19748
13966
17793
16351
20693
11930
15752
13717
14376
12225
21694
13717
14612
16537
14346
14222
17208
16555
16105
12848
15451
12384
11358
14561
15624
13970
12018
13107
19530
17882
15768
16823
14159
15448
16394
14472
15609
15049
13757
17320
16845
14808
10556
14688
11130
11834
11507
11364
16962
17198
13064
16138
11139
13664
12565
12740
11915
9612
12114
10769
11960
17288
12194
11418
17637
9296
14404
13895
10911
9530
16499
10992
9563
9953
19572
13664
12984
11203
9521
7797
5408
7127
9012
12003
10224
8886
10240
8919
9005
15691
10343
8376
9729
8654
13002
9011
12807
11689
11672
10422
10046
9915
15949
16999
9923
12424
7366
10445
14357
8734
8518
7989
8009
8679
7412
5694
12634
14663
6935
8825
10617
8761
7690
5211
8116
10795
7470
7620
7768
9706
9748
10869
10357
8915
12412
9178
5138
7766
10913
14289
10516
10472
5066
5359
11044
9180
8622
11052
12601
8556
5410
12132
7892
7386
6592
4027
11323
5868
8701
9330
7400
8073
7296
10044
9416
7499
9566
5300
4113
9498
8124
12850
10201
13622
11015
4103
8861
8122
7611
6985
8539
8261
9697
9604
7372
11881
11985
11905
8468
12628
12784
5664
10431
10678
13059
9986
5608
9410
11809
7855
10794
10754
6399
10002
10679
13337
7317
11415
8643
7953
9794
10175
7948
7897
4634
8592
8747
11594
5888
8653
8029
5282
2240
4339
4380
6595
8782
5189
11095
9589
9541
2557
3750
7315
4554
6685
14931
3893
6636
8221
1470
3736
9728
5374
7509
4604
8296
3733
2274
3010
3758
10595
5295
5292
9054
5399
3053
6909
2260
5678
7708
4801
6957
4598
8115
7737
9441
3795
5530
1595
4683
7723
5002
5369
3094
4678
5656
4936
11843
785
3844
3899
2320
4826
2514
2460
3947
4026
7985
4991
8921
7168
3199
10441
4128
6579
3372
6540
7296
3213
3191
6412
6517
4918
5782
6575
9748
5534
1751
1608
2505
4955
7404
6978
7279
5709
4935
11730
7451
6608
6638
6631
1737
5740
7421
5219
5830
6628
3367
4120
7564
11861
4208
6722
9298
6696
3381
5093
5961
2669
4105
5163
8687
13659
9467
5111
3410
5109
8425
3437
6134
3511
4350
5983
8712
2604
6178
6097
6922
5261
5279
6124
5276
5327
2688
4397
3973
2580
6242
7975
7878
4456
6153
6178
2678
6324
6137
8798
4474
6433
2658
2702
5655
4017
5356
6187
6232
2650
2727
3591
0
3628
2681
4544
6308
1942
7159
5617
4459
5400
1889
1870
2979
4429
5493
1873
1846
6408
5732
4661
5523
1851
4591
887
5613
2825
1810
2815
3713
4606
5649
957
5482
3772
3714
2801
3671
3660
2762
5581
5603
6443
4655
6541
962
4755
2789
4935
4740
0
2840
5705
5702
959
2835
4817
3919
1952
4681
3733
2909
2939
2958
1936
1876
966
5749
4790
3977
5759
1915
1925
2928
2898
6724
4773
0
2244
1935
1985
4871
1929
1955
5872
1918
2866
4914
4107
980
1045
1940
5898
975
1968
2036
1016
0
1974
1013
2971
969
1996
2900
4107
6966
1035
2021
4980
2966
3057
1959
4093
2981
1962
2058
1927
0
1043
2091
5143
3973
3071
1003
1012
998
2066
3079
2966
2139
1992
5246
1005
1080
1079
2111
994
0
2037
1000
0
0
1105
2067
2074
0
1022
2082
0
0
1036
1047
0
2030
0
1011
3136
2101
0
3117
1097
0
3176
3196
3175
2187
1066
0
3171
1064
2196
1063
0
1031
1077
0
0
2163
2163
5297
2131
0
0
1040
2224
0
1096
2183
0
1085
1075
1052
2183
1047
2170
0
0
1148
2172
1132
1108
0
1070
1112
2212
1059
5591
0
2149
1054
1062
0
1054
0
1145
0
4447
0
1132
2201
1123
0
1141
1152
4419
1098
1123
1140
3503
2270
1095
2232
1112
1096
1118
0
1107
0
1125
1137
0
2230
0
0
0
1117
1106
1087
1101
0
1113
1133
1155
2337
0
1184
3431
1119
1106
0
0
1198
1125
4690
0
0
1192
0
1176
0
0
0
3421
0
0
1180
0
0
1131
1222
1205
2485
1170
1210
1157
1203
0
0
0
0
1224
0
2407
0
1185
1152
1170
0
0
1139
2378
0
0
2319
0
2523
2405
0
3694
0
0
2363
1201
2375
1227
0
1261
0
1219
2467
4987
1208
0
0
0
2450
0
0
0
0
0
0
1209
0
2436
0
1304
1219
1232
0
0
1246
1222
0
0
0
1217
0
0
1291
0
0
1209
0
0
0
1254
0
0
1252
0
1258
1271
1243
0
0
0
1275
0
0
1227
0
3846
0
0
0
0
0
0
3804
2575
0
1265
0
0
0
1280
0
0
0
1264
0
0
0
0
0
1270
0
0
0
0
0
0
0
0
0
0
0
1324
0
0
0
0
0
0
0
0
0
0
0
0
0
0
0
0
0
0
2723
0
0
0
0
0
0
0
1351
0
0
0
1337
0
0
0
0
0
0
0
0
0
0
0
0
0
0
0
0
1353
0
0
0
0
0
0
0
0
0
0
0
0
0
0
1419
0
0
0
0
0
1359
0
0
0
0
0
0
0
0
0
0
0
0
0
0
0
0
0
0
0
0
0
0
0
0
0
0
0
0
0
0
0
0
0
0
0
0
0
0
0
0
0
0
0
0
0
0
0
0
0
0
0
0
0
0
0
0
0
0
0
0
0
0
0
0
0
0
0
0
0
