0
820
8214
66667
127814
205337
324641
440193
617677
520785
19492
20787
21679
22589
24639
25305
27259
28490
29844
31514
6675
6389
7021
8710
8091
8306
9438
8339
9640
10803
10925
11860
11855
11967
11718
13040
14058
14822
13426
13580
13240
14292
13794
16492
15464
16173
14567
16261
16331
16734
1229
995
1035
1068
950
1108
1239
1192
1488
1010
1718
1112
1569
818
1499
1662
1513
1798
1795
2183
2159
1442
1736
1486
1985
1320
1797
2240
2070
1581
1561
1927
1983
1753
2429
1839
1361
2411
1880
1703
2280
2767
2721
1858
2179
2352
1876
1885
1856
2484
2448
1909
1735
1966
1673
1910
1814
2882
1607
1232
3487
3128
2646
2886
3571
2634
3057
2821
2809
3815
2916
3890
2699
3080
2624
2396
4645
2912
3188
2876
3057
2735
4202
2828
2602
3686
3479
1925
2049
2691
3317
3494
2696
3308
2839
3383
3251
3520
3594
3809
3045
3566
4311
3089
4068
3526
4870
4573
3763
3374
2576
2595
2240
3433
3120
4627
4964
3662
3811
3399
3480
3767
3725
5490
4805
2809
4938
4333
5052
3922
5192
3232
4445
4934
3244
3938
3420
2921
4387
4409
5075
3001
4686
5305
3658
4140
4111
5619
5441
4468
3016
4279
4271
4925
4353
3693
4824
3610
3352
5756
4432
4675
2733
3614
5585
5091
4690
6405
4679
5623
6429
4358
4050
6609
3863
4930
6210
5530
5009
5009
5866
4023
5340
4600
4376
5468
6228
6110
1571
5767
3374
5058
4818
5077
3979
4886
5424
6212
5716
3859
266
0
1086
290
285
0
0
558
0
300
1207
598
592
308
283
0
0
597
294
310
880
625
598
913
312
1226
323
974
0
905
632
0
310
354
0
658
0
0
338
316
312
315
1293
316
334
661
699
658
650
322
1022
331
372
0
1398
1014
0
350
0
344
340
323
378
353
0
0
682
709
370
0
0
727
1065
354
712
0
373
1131
363
366
1103
1089
754
378
1124
765
0
368
1131
762
2303
760
386
371
401
771
770
388
397
391
0
387
810
1125
405
0
1273
779
792
410
1221
0
390
0
1237
465
0
403
408
1723
1690
824
438
410
867
1302
0
464
832
0
441
906
0
0
441
447
440
0
893
0
416
0
0
1778
0
880
436
501
901
1367
0
0
0
0
885
0
1857
444
449
935
924
450
911
470
976
0
947
941
1902
0
486
0
1898
0
937
0
497
495
459
1444
1089
999
529
1043
473
1536
0
0
1479
1491
497
0
0
996
0
485
0
569
492
495
510
1999
1038
1500
0
0
496
1052
0
2036
0
0
2133
582
517
519
1074
534
0
0
525
1122
0
2141
1714
529
546
0
0
0
571
0
1174
0
601
0
569
561
1136
644
0
580
0
598
566
575
0
592
0
610
1170
594
0
0
0
1224
0
2478
0
1215
649
0
1208
606
2509
602
1253
0
0
691
0
0
1289
0
1302
0
0
1348
1921
632
0
1250
647
1249
1217
1265
645
661
0
1246
631
2003
0
1370
682
0
0
0
629
654
652
0
0
0
0
650
1314
699
687
1292
708
2062
648
667
2768
658
673
0
0
672
2064
1373
706
674
683
682
681
758
1402
1422
715
0
684
0
736
0
0
0
1423
0
704
739
757
793
0
718
0
2098
0
705
0
0
696
709
0
0
703
0
2180
2249
2249
1449
726
2160
1479
1508
764
1541
716
0
762
0
0
2275
0
1555
1529
783
771
1503
749
0
739
742
0
1540
755
1510
778
3079
1545
0
0
0
776
0
0
0
1562
0
759
2344
2409
774
832
0
1583
0
2441
2371
1563
0
0
785
0
0
802
2414
796
809
0
813
797
0
801
0
0
822
2414
1616
0
0
0
0
850
1634
902
0
849
1635
0
1647
843
812
828
0
0
841
2519
0
0
1693
2499
0
0
0
1701
0
925
863
847
845
0
0
0
892
882
1678
1700
1712
1765
0
1726
0
856
0
1789
1731
922
882
887
864
883
895
874
0
0
0
882
2619
0
873
0
880
1765
865
0
881
920
902
931
0
917
885
893
992
884
0
928
0
884
914
897
1851
1861
0
899
945
943
0
0
0
0
1904
958
940
923
0
1907
2921
1896
1091
943
922
0
940
947
0
950
952
1856
1928
0
1865
989
979
0
1948
954
964
0
0
3909
1000
1072
0
975
2077
978
0
0
0
1004
1930
2040
0
0
985
2075
0
2923
2015
0
997
985
0
2984
0
5106
0
1038
0
0
1012
3077
995
1063
2034
0
1078
1071
0
1036
0
0
2036
3151
2079
0
0
2061
0
0
2069
1011
2207
1043
0
0
0
0
4165
1029
0
0
1077
1037
0
1042
1042
0
0
0
0
1065
1073
2124
1072
0
0
1075
2159
0
0
1084
0
0
5405
2221
1050
0
1085
2264
0
1086
0
0
0
1059
0
0
0
1095
0
0
2236
2217
0
0
3526
4434
0
2201
0
0
0
2257
0
0
1117
0
1139
1144
0
2311
0
0
2264
1160
1102
1132
0
2283
0
1155
0
1135
0
0
1280
0
0
1128
0
2437
1164
1157
1172
1150
1152
0
1164
0
0
2388
1231
0
0
1258
0
1169
3614
0
1195
2379
2497
1389
1188
2327
0
0
1187
0
0
0
2427
0
0
0
1213
0
1209
2452
2434
1204
1192
0
0
0
1214
0
0
1487
1188
1222
0
0
0
0
2471
1253
0
0
0
0
0
0
0
0
0
0
0
0
0
0
0
0
0
0
0
0
0
0
0
0
0
0
0
0
0
0
0
0
0
0
0
0
0
0
0
0
0
0
0
0
0
0
0
0
0
0
0
0
0
0
0
0
0
0
0
0
0
0
0
0
0
0
0
0
0
0
0
0
0
0
0
0
0
0
0
0
0
0
0
0
0
0
0
0
0
0
0
0
0
0
0
0
0
0
0
0
0
0
0
0
0
0
0
0
0
0
0
0
0
0
0
0
0
0
0
0
0
0
0
0
0
0
0
0
0
0
0
0
0
0
0
0
0
0
0
0
0
0
0
0
0
0
0
0
0
0
0
0
0
0
0
0
0
0
0
0
0
0
0
0
0
0
0
0
0
0
0
0
0
0
0
0
0
0
0
0
0
0
0
0
0
0
0
0
0
0
0
0
0
0
0
0
0
0
0
0
0
0
0
0
0
0
0
0
0
0
0
0
0
0
0
0
0
0
0
0
0
0
0
0
0
0
0
0
0
0
0
0
0
0
0
0
0
0
0
0
0
0
0
0
0
0
0
0
0
0
0
0
0
0
0
0
0
0
0
0
0
0
0
0
0
0
0
0
0
0
0
0
0
0
0
0
0
0
0
0
0
0
0
0
0
0
0
0
0
0
0
0
0
0
0
0
0
0
0
0
0
0
0
0
0
0
0
0
0
0
0
0
0
0
0
0
0
0
0
0
0
0
0
0
0
0
0
0
0
0
0
0
0
0
0
0
0
0
0
0
0
0
0
0
0
0
0
0
0
0
0
0
0
0
0
0
0
0
0
0
0
0
0
0
0
0
0
0
0
0
0
0
0
0
0
0
0
0
0
0
0
0
0
0
0
0
0
0
0
0
0
0
0
0
0
0
0
0
0
0
0
0
0
0
0
0
0
0
0
0
0
0
0
0
0
0
0
0
0
0
0
0
0
0
0
0
0
0
0
0
0
0
0
0
0
0
0
0
0
0
0
0
0
0
0
0
0
0
0
0
0
0
0
0
0
0
0
0
0
0
0
0
0
0
0
0
0
0
0
0
0
0
0
0
0
0
0
0
0
0
0
0
0
0
0
0
0
0
0
0
0
0
0
0
0
0
0
0
0
0
