0
0
0
0
0
0
0
0
0
0
0
0
0
0
0
0
0
0
0
0
0
0
0
0
0
0
0
0
0
0
0
0
0
0
0
0
0
0
0
0
0
0
0
0
42
0
0
0
0
52
0
0
116
53
160
50
0
64
59
105
0
58
113
0
188
135
189
126
58
132
153
191
338
137
447
150
508
150
689
78
228
646
226
473
333
349
157
89
171
166
85
83
178
416
352
226
85
88
169
0
206
729
299
391
311
204
485
0
313
188
404
415
213
228
539
587
337
227
671
339
613
119
332
467
382
879
341
242
740
372
626
647
509
628
772
633
904
388
779
416
822
971
827
791
395
742
412
280
415
422
879
286
1037
316
743
153
791
445
1059
799
803
0
316
327
735
1125
1114
664
686
167
833
510
1316
1479
688
1003
1308
1177
1036
691
876
1981
1245
1965
1048
1089
533
1073
1247
1847
1121
1642
1683
721
2132
1477
1999
2628
1145
1921
2105
802
2575
1361
2205
2578
2548
2160
1416
2570
2661
1802
2066
2262
3293
3711
2896
2509
4525
3751
3595
3596
4520
3837
3255
1936
4151
2990
2015
3704
3486
4702
4960
6922
5001
4941
2889
3957
3451
4813
4849
2777
3447
3998
6175
6000
6487
4482
4534
3867
6297
3536
4328
3869
4847
4928
3453
4502
5452
3859
6353
4904
6404
7509
5705
4532
4581
4376
5749
2947
4806
5149
6478
7066
5235
5014
7150
6162
3659
6949
3759
6454
4593
6536
3876
6012
6593
6499
6991
6316
4455
6022
9760
10331
5336
5625
7572
7407
4887
4341
5709
5727
9252
9587
6427
6444
6758
9941
5587
8197
8987
7415
6430
9353
11579
6373
6954
7263
9645
7332
9815
9463
10424
9642
11157
7789
11129
11535
11429
9670
13972
11586
8518
11809
8278
12120
12759
10711
13964
8812
14639
9888
15020
10105
11604
10852
10539
12726
13986
10645
8863
12833
11947
11505
15648
13526
15038
15925
14879
13937
17075
11149
15988
13611
17526
14326
16814
13342
12545
18276
17139
19956
13859
10736
16868
17116
15620
20596
17545
20273
17589
12100
17497
16251
17669
12531
17106
19254
16801
21681
16363
18419
15936
14432
15532
18240
16593
11132
18382
16403
17701
16185
22811
17569
20882
20331
18011
17840
21449
18584
22282
20067
18734
24300
19286
22226
21793
15404
21566
19914
16628
21451
20772
22104
24920
26099
29871
21489
25914
17414
21779
28004
26114
28127
33326
29120
29839
23755
27562
23779
32552
33417
28143
29650
30035
30478
29558
32890
35535
33684
36254
34170
40759
34974
41104
38436
43964
42482
40202
37145
38142
40575
41010
41857
46027
35477
41202
36470
32437
38172
42291
39222
45343
34217
34534
39157
32919
37841
35608
36080
30568
38705
34619
38061
37796
36179
34849
31848
39844
34817
29417
31059
36708
32751
31901
30906
39813
32337
29164
31573
33607
30083
30403
21227
20643
25480
22265
25402
21853
30519
23399
27738
29159
26968
26639
24659
24796
23478
23173
23990
27957
19191
21949
25079
21172
21486
23133
22107
25507
17878
27314
24868
19819
27023
27594
28685
29433
23356
26173
19557
32508
26076
25467
26699
19821
24940
26244
27314
16122
18751
18977
17019
18409
20898
18414
25617
21642
24372
19127
21966
18988
18020
18734
21252
16959
17581
17555
17750
17625
17393
21225
19599
21746
16806
15128
18771
15103
18626
17453
15757
15813
18904
19056
17715
14339
13854
10919
17990
14257
14774
16139
16232
14277
14534
14992
18252
16763
15810
13447
15793
14060
15348
12865
16301
16028
13347
8217
13112
15472
15002
15722
14757
11871
19519
13756
14949
8800
14920
7210
12238
13483
13962
13496
18206
8029
16600
15474
14196
9754
12884
13906
14920
13564
8690
11713
10588
16290
13144
16369
12551
12637
8809
13186
13942
12016
10719
12757
8974
12063
14041
11705
8277
12173
9148
17203
14680
7076
11536
11664
12852
10969
9724
12262
6480
14950
7878
12522
10388
11255
11329
7218
10356
10647
8470
9291
8704
8728
11350
13101
8092
8640
13413
9149
12018
18099
12287
10573
8233
12924
12482
11470
12964
11586
12472
12281
7606
8967
11511
10539
8198
9619
6160
11846
8425
9514
11821
7110
7547
9693
10496
10656
13344
8340
9053
9859
8546
10783
9201
14429
12719
7238
14236
7014
10112
14359
6479
9455
9966
4359
10091
7797
7933
10167
10179
9404
12287
7289
11447
10130
8932
8849
10143
6477
8871
9513
10506
6880
11190
8910
13284
8817
10411
7568
7423
8884
10318
9746
10572
6102
7575
4521
5956
10466
6058
8851
12602
11375
9917
4680
10741
6107
9216
10135
9917
10869
11455
7647
10099
9349
10022
7681
9264
4691
5352
7063
10168
10230
8662
9337
8648
3844
8694
9489
8558
7073
5484
8719
3947
7063
7913
8614
12622
4938
9557
11282
4044
8835
7972
7863
4662
7207
3181
6417
3211
5576
9745
4042
6447
7184
9140
5738
7287
5746
4109
4981
5930
4931
9138
4069
4928
3369
6574
5886
2411
7313
6575
4099
7559
3309
4992
2474
4276
5983
4918
9398
10055
1696
4169
11723
5061
5960
4256
4339
5175
7664
5930
6697
2563
7700
5046
6801
5976
1717
5312
8811
3533
6817
5972
4266
3588
1803
4250
6041
1822
4278
8058
7129
10304
1748
8711
8795
5231
10447
5162
3479
3512
8939
3532
11379
1760
5237
3486
8028
2597
6254
8208
3552
6319
10773
4520
1822
8890
10845
8036
4444
6400
4636
9366
2682
3603
5452
7330
8192
2765
4447
9049
4611
7383
9310
5552
5451
6437
10939
8307
5477
12291
6389
11177
10120
9220
3725
6470
5559
5607
4677
7562
6390
5504
5593
8481
6429
5584
7460
3709
5697
7719
4664
6506
5590
2811
2838
6683
8553
943
1835
2780
4792
7599
6614
1016
2805
1864
3851
3799
2851
3808
972
3890
5698
6621
6701
4985
1885
3859
1019
5793
3910
2947
1950
4929
1964
7917
5818
4945
1930
2945
2964
3092
5904
5833
1951
3194
3883
2904
2894
2020
3978
3878
2024
1007
5963
5955
2950
2023
1998
5083
4937
2971
3081
4027
0
1034
6984
5051
4036
968
1006
7153
3019
4276
2058
3046
1042
2079
6390
2036
2001
4003
8251
4165
2129
1016
1080
3256
3244
2046
5151
6083
6185
6159
5234
1059
6199
3343
4123
2045
3151
2106
4290
2107
3092
1073
2089
1166
4162
2042
1052
1057
4113
0
3230
1066
2051
3173
1118
2106
2118
7493
1127
1081
1050
7450
2106
2117
2052
0
0
0
0
3152
5387
1063
3186
2120
1049
0
1151
4264
3203
0
2272
0
0
2130
2137
3431
0
1085
0
1066
3317
2123
2148
0
2261
0
0
1109
1092
2253
2335
1074
4447
3316
2227
1083
2156
1096
1126
0
2171
1050
3486
1150
3510
2300
1095
2293
2295
3291
1123
0
4521
1158
2306
0
0
0
0
1100
1269
3507
1137
3377
1111
1177
0
3370
1172
1174
3591
0
1195
3421
1188
1140
2404
0
0
0
1195
0
2301
1155
2377
1165
0
1255
0
3576
0
4820
3513
1165
1146
1148
1213
0
1180
1220
1162
2522
0
2390
2303
2341
0
1313
0
0
1166
0
0
0
1271
4883
0
0
0
1258
3657
0
0
2398
0
0
0
0
1168
1271
2433
0
0
1238
0
1197
0
1218
1305
1205
2567
0
2416
0
0
2469
1253
0
0
2439
1201
0
0
1281
0
0
3682
0
0
1275
0
1311
2614
1303
1243
0
0
0
1232
0
1299
0
0
1204
1234
4058
1282
2439
3750
0
1350
0
1212
1240
0
0
2810
0
0
1267
0
0
1264
1311
1399
1281
2650
0
0
0
0
0
1275
2525
0
1268
1277
3887
0
0
3998
4028
2582
1345
0
0
1300
0
4129
2659
0
0
1254
0
0
3966
2737
1282
0
2636
0
0
0
1273
0
0
0
0
0
0
1332
0
0
0
1302
0
1305
0
1330
0
0
0
0
1326
0
0
0
0
0
0
0
0
0
0
0
0
0
0
0
0
0
0
0
0
0
1333
0
0
0
0
0
0
0
0
0
0
0
1317
0
1352
0
1456
0
0
2799
0
0
0
0
0
0
0
0
0
0
0
0
0
0
0
0
1398
0
0
0
0
0
2726
0
0
0
0
0
0
0
0
0
0
1394
0
0
0
0
0
0
0
0
0
0
0
0
0
0
0
0
0
0
0
0
0
0
0
0
0
0
0
0
1447
0
0
0
0
0
0
0
0
0
0
0
0
0
0
0
0
0
0
0
0
0
0
0
0
0
0
0
0
0
0
0
0
0
0
0
0
0
0
0
0
0
0
0
0
0
0
0
0
0
0
0
0
0
0
0
0
0
0
0
0
0
0
0
