0
0
0
0
0
0
0
0
0
0
0
0
0
0
0
0
0
0
0
0
0
0
0
0
0
0
0
0
0
0
0
0
0
0
0
0
0
0
0
0
0
0
0
0
0
0
0
0
0
0
0
1
0
1
0
0
1
1
2
0
0
0
3
1
1
1
4
2
2
5
3
3
4
2
3
1
3
3
3
2
5
6
7
4
4
4
2
3
1
4
4
2
2
4
5
3
1
2
2
3
4
0
0
3
3
5
4
2
2
4
8
3
5
7
2
2
0
4
5
3
1
6
6
3
2
4
1
6
4
3
3
9
4
8
4
6
7
3
5
4
6
6
9
2
3
7
6
3
3
6
2
1
6
3
3
4
0
8
6
2
5
4
6
5
6
4
6
3
2
4
3
8
3
7
8
5
4
9
3
7
8
14
5
4
8
9
2
6
6
9
7
8
6
7
13
11
7
9
11
10
8
6
16
12
10
17
7
9
11
9
16
13
16
12
17
15
21
15
16
18
17
18
13
10
16
15
20
10
14
20
25
15
18
13
21
15
15
20
27
25
14
18
24
15
18
18
16
18
20
18
19
18
13
18
23
19
27
18
22
12
21
27
19
15
31
24
21
20
14
28
18
10
17
20
22
24
25
20
28
27
18
25
25
18
25
22
15
17
22
18
24
19
23
23
31
31
22
31
25
19
21
15
20
27
21
22
31
31
20
35
31
16
26
30
25
36
34
27
29
35
30
29
34
25
33
25
44
33
25
25
38
26
30
39
35
29
49
36
23
31
34
42
29
40
40
43
22
39
32
30
42
32
44
33
46
35
30
34
31
45
46
46
45
35
44
40
37
44
31
62
53
38
43
38
62
45
43
40
43
56
45
51
50
67
49
38
53
46
56
45
42
61
52
57
38
56
58
35
44
49
66
45
37
35
43
46
38
50
42
60
49
45
60
45
53
46
34
43
38
48
63
45
39
59
77
49
56
53
55
56
64
61
48
71
61
56
76
61
72
62
55
76
73
77
77
74
73
70
87
77
83
91
78
70
95
93
86
72
83
90
93
76
107
99
96
105
106
84
100
88
85
87
74
92
85
98
80
60
80
98
88
80
86
92
73
88
64
77
61
66
63
65
63
70
55
69
60
77
59
61
58
61
53
64
40
41
52
57
50
55
55
47
59
42
46
45
53
48
42
43
40
39
43
51
40
58
53
53
42
41
48
45
49
44
41
47
49
42
47
50
50
44
36
37
33
42
31
40
51
44
56
45
31
33
39
41
35
36
47
52
41
42
39
34
42
38
27
34
31
40
23
30
26
28
23
41
26
28
31
27
27
32
31
30
24
28
23
21
27
29
26
22
24
35
33
29
31
26
28
30
26
28
27
25
31
30
26
19
26
20
21
20
20
30
30
23
28
20
24
22
22
21
17
21
19
21
30
21
20
30
16
25
24
19
16
28
19
16
17
33
23
22
19
16
13
9
12
15
20
17
15
17
15
15
26
17
14
16
14
21
15
21
19
19
17
16
16
26
27
16
20
12
17
23
14
14
13
13
14
12
9
20
23
11
14
17
14
12
8
13
17
12
12
12
15
15
17
16
14
19
14
8
12
17
22
16
16
8
8
17
14
13
17
19
13
8
18
12
11
10
6
17
9
13
14
11
12
11
15
14
11
14
8
6
14
11
19
15
20
16
6
13
12
11
10
12
12
14
14
10
17
17
17
12
18
18
8
15
15
18
14
8
13
16
11
15
15
9
14
15
18
10
16
12
11
13
14
11
11
6
12
12
16
8
11
11
7
3
6
6
9
12
7
15
13
13
3
5
10
6
9
20
5
9
11
2
5
13
7
10
6
11
5
3
4
5
14
7
7
12
7
4
9
3
7
10
6
9
6
10
10
12
5
7
2
6
10
6
7
4
6
7
6
15
1
5
5
3
6
3
3
5
5
10
6
11
9
4
13
5
8
4
8
9
4
4
8
8
6
7
8
12
7
2
2
3
6
9
8
9
7
6
14
9
8
8
8
2
7
9
6
7
8
4
5
9
14
5
8
11
8
4
6
7
3
5
6
10
16
11
6
4
6
10
4
7
4
5
7
10
3
7
7
8
6
6
7
6
6
3
5
4
3
7
9
9
5
7
7
3
7
7
10
5
7
3
3
6
4
6
7
7
3
3
4
0
4
3
5
7
2
8
6
5
6
2
2
3
5
6
2
2
7
6
5
6
2
5
1
6
3
2
3
4
5
6
1
6
4
4
3
4
4
3
6
6
7
5
7
1
5
3
5
5
0
3
6
6
1
3
5
4
2
5
4
3
3
3
2
2
1
6
5
4
6
2
2
3
3
7
5
0
2
2
2
5
2
2
6
2
3
5
4
1
1
2
6
1
2
2
1
0
2
1
3
1
2
3
4
7
1
2
5
3
3
2
4
3
2
2
2
0
1
2
5
4
3
1
1
1
2
3
3
2
2
5
1
1
1
2
1
0
2
1
0
0
1
2
2
0
1
2
0
0
1
1
0
2
0
1
3
2
0
3
1
0
3
3
3
2
1
0
3
1
2
1
0
1
1
0
0
2
2
5
2
0
0
1
2
0
1
2
0
1
1
1
2
1
2
0
0
1
2
1
1
0
1
1
2
1
5
0
2
1
1
0
1
0
1
0
4
0
1
2
1
0
1
1
4
1
1
1
3
2
1
2
1
1
1
0
1
0
1
1
0
2
0
0
0
1
1
1
1
0
1
1
1
2
0
1
3
1
1
0
0
1
1
4
0
0
1
0
1
0
0
0
3
0
0
1
0
0
1
1
1
2
1
1
1
1
0
0
0
0
1
0
2
0
1
1
1
0
0
1
2
0
0
2
0
2
2
0
3
0
0
2
1
2
1
0
1
0
1
2
4
1
0
0
0
2
0
0
0
0
0
0
1
0
2
0
1
1
1
0
0
1
1
0
0
0
1
0
0
1
0
0
1
0
0
0
1
0
0
1
0
1
1
1
0
0
0
1
0
0
1
0
3
0
0
0
0
0
0
3
2
0
1
0
0
0
1
0
0
0
1
0
0
0
0
0
1
0
0
0
0
0
0
0
0
0
0
0
1
0
0
0
0
0
0
0
0
0
0
0
0
0
0
0
0
0
0
2
0
0
0
0
0
0
0
1
0
0
0
1
0
0
0
0
0
0
0
0
0
0
0
0
0
0
0
0
1
0
0
0
0
0
0
0
0
0
0
0
0
0
0
1
0
0
0
0
0
1
0
0
0
0
0
0
0
0
0
0
0
0
0
0
0
0
0
0
0
0
0
0
0
0
0
0
0
0
0
0
0
0
0
0
0
0
0
0
0
0
0
0
0
0
0
0
0
0
0
0
0
0
0
0
0
0
0
0
0
0
0
0
0
0
0
0
0
0
0
