0
240
547
1145
4220
13228
26886
45804
60824
61753
2350
2988
3583
3720
4212
4851
5496
5871
6329
7194
1547
1502
1703
2107
1974
2108
2343
2020
2425
2709
2762
2997
3079
3143
3069
3486
3777
3980
3569
3680
3639
3982
3877
4679
4463
4627
4280
4872
4894
5087
365
311
310
318
292
358
382
372
472
328
534
328
491
250
488
559
486
582
596
718
740
508
594
506
698
463
630
829
753
570
566
704
724
654
881
692
523
933
710
646
879
1055
1048
733
857
904
732
741
770
1001
985
798
720
811
668
744
754
1142
651
533
1471
1357
1072
1219
1500
1153
1309
1216
1194
1694
1258
1656
1205
1326
1141
1050
2052
1311
1462
1335
1420
1210
1918
1327
1186
1734
1605
869
972
1241
1547
1643
1294
1620
1367
1650
1574
1761
1814
1927
1494
1744
2179
1548
2060
1781
2471
2351
2004
1756
1315
1350
1165
1843
1669
2457
2729
2006
2035
1830
1866
2091
1985
3035
2654
1526
2700
2403
2826
2252
2922
1849
2510
2800
1897
2278
1956
1723
2558
2568
2981
1804
2719
3179
2217
2488
2482
3409
3252
2641
1845
2571
2630
3025
2667
2270
2955
2247
2098
3608
2784
3042
1689
2296
3422
3245
2956
3980
2994
3628
4086
2739
2605
4205
2457
3150
3975
3512
3207
3245
3774
2619
3481
3039
2848
3544
4083
3950
1040
3843
2306
3412
3176
3449
2746
3269
3716
4238
3894
2707
205
0
752
183
200
0
0
394
0
193
834
447
398
206
197
0
0
413
215
217
642
441
460
643
224
905
226
679
0
670
466
0
239
241
0
481
0
0
245
250
246
237
981
250
253
493
499
500
491
278
774
272
268
0
1087
811
0
274
0
265
280
267
304
286
0
0
572
587
296
0
0
595
877
295
588
0
317
923
309
313
964
972
625
305
956
648
0
337
960
679
1963
645
312
317
336
680
661
345
357
361
0
362
714
1033
372
0
1102
699
724
361
1088
0
355
0
1120
372
0
383
394
1548
1539
767
392
421
799
1155
0
396
778
0
400
812
0
0
386
408
414
0
843
0
418
0
0
1742
0
847
415
454
890
1277
0
0
0
0
878
0
1847
454
432
920
934
439
940
447
917
0
966
936
1934
0
457
0
1936
0
983
0
507
499
501
1516
1034
1032
507
1024
513
1519
0
0
1548
1569
501
0
0
1062
0
535
0
545
544
516
548
2171
1121
1604
0
0
536
1113
0
2216
0
0
2323
576
587
552
1164
591
0
0
595
1200
0
2358
1782
639
586
0
0
0
619
0
1263
0
623
0
599
604
1269
684
0
649
0
681
622
624
0
659
0
676
1320
633
0
0
0
1335
0
2640
0
1441
690
0
1413
697
2879
707
1425
0
0
752
0
0
1454
0
1460
0
0
1497
2221
740
0
1458
749
1468
1564
1567
760
767
0
1568
777
2310
0
1591
822
0
0
0
753
799
825
0
0
0
0
810
1694
841
826
1601
853
2455
832
845
3424
840
801
0
0
878
2567
1631
885
855
870
879
871
906
1763
1767
879
0
844
0
897
0
0
0
1771
0
944
895
947
919
0
884
0
2802
0
892
0
0
937
898
0
0
909
0
2885
2941
2912
1930
961
2840
1917
1965
963
2026
1000
0
969
0
0
3090
0
2128
2075
1042
1025
2010
1033
0
1039
1067
0
2041
1046
2012
1059
4177
2166
0
0
0
1041
0
0
0
2180
0
1039
3313
3195
1048
1140
0
2179
0
3302
3305
2206
0
0
1166
0
0
1103
3481
1117
1143
0
1134
1161
0
1108
0
0
1184
3639
2426
0
0
0
0
1208
2435
1211
0
1220
2458
0
2464
1270
1175
1328
0
0
1193
3728
0
0
2410
3794
0
0
0
2475
0
1293
1293
1299
1297
0
0
0
1315
1347
2632
2615
2586
2696
0
2593
0
1293
0
2757
2718
1355
1389
1371
1368
1388
1437
1378
0
0
0
1390
4117
0
1381
0
1334
2915
1341
0
1430
1447
1360
1441
0
1495
1468
1384
1439
1459
0
1481
0
1397
1491
1396
2890
2979
0
1457
1423
1429
0
0
0
0
3012
1465
1542
1529
0
3055
4688
3014
1607
1600
1515
0
1538
1486
0
1496
1508
3154
3221
0
3150
1579
1584
0
3194
1619
1669
0
0
6404
1614
1553
0
1564
3340
1659
0
0
0
1706
3189
3429
0
0
1616
3433
0
5098
3436
0
1661
1635
0
5243
0
8639
0
1788
0
0
1748
5291
1773
1838
3565
0
1805
1715
0
1794
0
0
3650
5511
3539
0
0
3599
0
0
3740
1808
3696
1834
0
0
0
0
7517
1873
0
0
1889
1809
0
1890
1925
0
0
0
0
1932
2011
3913
1969
0
0
1955
4028
0
0
1954
0
0
9932
4089
2002
0
2031
3944
0
1955
0
0
0
2067
0
0
0
1942
0
0
4167
4200
0
0
6370
8117
0
4087
0
0
0
4209
0
0
2084
0
2150
2145
0
4380
0
0
4371
2248
2182
2167
0
4413
0
2115
0
2215
0
0
2280
0
0
2105
0
4424
2120
2237
2317
2165
2300
0
2266
0
0
4691
2318
0
0
2353
0
2327
6902
0
2354
4765
4708
2435
2314
4703
0
0
2386
0
0
0
4732
0
0
0
2347
0
2300
4769
4787
2459
2536
0
0
0
2345
0
0
2527
2471
2587
0
0
0
0
4885
2517
0
0
0
0
0
0
0
0
0
0
0
0
0
0
0
0
0
0
0
0
0
0
0
0
0
0
0
0
0
0
0
0
0
0
0
0
0
0
0
0
0
0
0
0
0
0
0
0
0
0
0
0
0
0
0
0
0
0
0
0
0
0
0
0
0
0
0
0
0
0
0
0
0
0
0
0
0
0
0
0
0
0
0
0
0
0
0
0
0
0
0
0
0
0
0
0
0
0
0
0
0
0
0
0
0
0
0
0
0
0
0
0
0
0
0
0
0
0
0
0
0
0
0
0
0
0
0
0
0
0
0
0
0
0
0
0
0
0
0
0
0
0
0
0
0
0
0
0
0
0
0
0
0
0
0
0
0
0
0
0
0
0
0
0
0
0
0
0
0
0
0
0
0
0
0
0
0
0
0
0
0
0
0
0
0
0
0
0
0
0
0
0
0
0
0
0
0
0
0
0
0
0
0
0
0
0
0
0
0
0
0
0
0
0
0
0
0
0
0
0
0
0
0
0
0
0
0
0
0
0
0
0
0
0
0
0
0
0
0
0
0
0
0
0
0
0
0
0
0
0
0
0
0
0
0
0
0
0
0
0
0
0
0
0
0
0
0
0
0
0
0
0
0
0
0
0
0
0
0
0
0
0
0
0
0
0
0
0
0
0
0
0
0
0
0
0
0
0
0
0
0
0
0
0
0
0
0
0
0
0
0
0
0
0
0
0
0
0
0
0
0
0
0
0
0
0
0
0
0
0
0
0
0
0
0
0
0
0
0
0
0
0
0
0
0
0
0
0
0
0
0
0
0
0
0
0
0
0
0
0
0
0
0
0
0
0
0
0
0
0
0
0
0
0
0
0
0
0
0
0
0
0
0
0
0
0
0
0
0
0
0
0
0
0
0
0
0
0
0
0
0
0
0
0
0
0
0
0
0
0
0
0
0
0
0
0
0
0
0
0
0
0
0
0
0
0
0
0
0
0
0
0
0
0
0
0
0
0
0
0
0
0
0
0
0
0
0
0
0
0
0
0
0
0
0
0
0
0
0
0
0
0
0
0
0
0
0
0
0
0
0
0
0
0
0
0
0
0
0
0
0
0
0
0
0
0
0
0
0
0
0
0
0
0
0
0
0
0
0
0
