0
0
0
0
0
0
0
0
0
0
0
0
0
0
0
0
0
0
0
0
0
0
0
0
0
0
0
0
0
0
0
0
0
0
0
0
0
0
0
0
0
0
0
0
15
0
0
0
0
17
0
0
35
17
60
19
0
21
21
44
0
22
45
0
73
51
78
52
29
56
54
82
148
57
174
65
217
62
276
33
101
264
99
208
139
146
75
38
75
76
37
42
83
205
162
81
40
43
93
0
91
312
141
184
140
96
242
0
151
100
199
211
106
107
277
280
170
116
358
173
297
76
179
259
188
462
185
132
401
195
336
339
278
358
436
363
505
223
440
229
465
526
444
468
233
425
241
156
246
262
527
172
603
173
425
88
451
273
635
453
479
0
189
191
478
689
700
397
400
99
512
312
830
944
426
625
853
755
648
456
551
1223
807
1248
685
710
363
701
828
1199
731
1104
1108
490
1417
989
1401
1826
755
1301
1450
540
1740
968
1491
1788
1783
1530
983
1888
1825
1286
1433
1624
2330
2677
2096
1794
3310
2739
2595
2648
3290
2850
2438
1454
3062
2269
1482
2775
2630
3520
3866
5273
3811
3745
2211
2964
2660
3708
3756
2146
2711
3103
4807
4762
5195
3557
3627
3053
4948
2860
3461
3119
3966
3915
2813
3580
4461
3206
5143
4112
5336
6153
4603
3830
3803
3616
4786
2598
3942
4361
5467
5906
4468
4276
6157
5242
3196
5919
3202
5510
3982
5698
3308
5250
5747
5784
6204
5608
3897
5382
8711
9234
4793
5005
6913
6636
4337
3846
5170
5229
8364
8528
5914
5889
6180
9192
5160
7692
8246
6617
6116
8643
10740
5979
6592
6874
9269
6936
9325
9121
9960
9143
10656
7474
10847
11193
10960
9174
13427
11455
8396
11540
8159
12037
12761
10530
13851
8820
14557
9753
15060
9891
11543
10974
10671
12743
14090
10853
11135
13069
12087
11834
16070
13936
15509
16524
15230
14311
17832
11483
16664
14177
18270
14916
17668
14042
13083
19607
18106
21220
14758
11436
18023
18455
16654
22144
18721
21620
18950
13046
19165
17580
19367
13673
18783
21294
18338
23791
18288
20334
17581
15964
17204
20191
16627
12355
20611
18524
19919
18409
25757
19610
23808
23099
20331
20510
24621
21187
25349
23185
21380
27857
22091
25445
25287
17566
24888
22902
19350
25179
24274
25893
29313
30541
34909
25239
30344
20686
25605
33326
31385
35243
39523
34720
35847
28586
33185
28155
39385
40240
34079
35871
36323
37337
35856
40219
43102
41316
44498
42021
49697
43035
50778
47431
54287
52536
49947
46110
47438
50459
51214
52455
57828
44359
51828
46120
40822
48024
53258
49090
57881
43406
44145
50090
42257
48326
45340
46228
39159
49515
44461
49274
48979
46650
45005
41405
52703
45365
38595
40708
47992
43024
41929
40903
52328
42292
38517
41281
44628
37565
40408
28093
27421
34449
29821
33918
29305
40748
31441
37629
39227
36698
36022
33437
33617
31842
31556
32502
38242
26564
29957
34389
28938
29700
31940
30474
35167
24347
37373
34489
27536
37799
38729
40095
41148
33149
36956
27473
45391
36382
36010
37915
27963
35468
37700
38876
22836
26934
26979
24609
26311
29665
26516
36703
31418
35355
27707
32432
27731
26239
27176
30522
24966
25572
25997
26054
26028
25413
31079
28769
32107
24693
22407
27512
22702
27707
26061
23620
23703
28021
28125
26533
21634
20608
16453
26845
21653
21797
24423
24532
22038
22005
23027
27568
25854
24180
20532
24424
21665
23626
19893
25337
24807
21118
12864
20368
23903
23189
24208
23252
18679
29958
21626
23514
14056
23695
11431
19119
21153
22116
21337
28987
12592
26354
24252
22485
15837
20569
22651
23770
21753
13907
18822
16971
26119
21081
26127
20242
20256
14235
21370
22523
19571
17376
20695
14473
19776
22865
18723
13735
19949
14796
28474
24410
11735
19283
19147
21426
18384
16217
20488
10787
25003
13120
20716
17520
18698
18818
12152
17781
17666
14470
15736
14644
14520
19306
22567
13536
14776
22801
15899
20533
31082
20746
18499
13897
22100
20930
19904
22236
19933
21186
21329
13022
15474
20130
18026
14334
16618
10761
20612
14611
16973
20692
12077
13408
17048
18484
18522
23371
14759
16194
17524
14992
18786
16241
25058
22579
12664
25414
12602
17719
25611
11542
16834
18048
7710
18094
14185
14074
18142
18235
16983
22284
13064
21003
18512
16069
16014
18748
12040
16053
17516
18805
12171
20390
16155
24317
16494
19045
13616
13764
16408
19250
18172
19574
11065
13960
8385
11160
19599
11205
16931
23994
21347
18394
8535
20058
11486
17284
19011
18608
20124
21683
14543
18883
17465
18954
14767
17520
8820
10296
13425
19138
19438
16314
17999
16400
7540
16545
18096
16477
13693
10668
16637
7565
13765
15420
16949
24658
9162
18571
21703
7813
17052
15672
15593
9310
13969
6271
12700
6263
11094
19346
7922
12832
14538
17713
11243
14540
11300
8129
9715
11488
9765
17985
8220
9823
6647
13197
11678
4934
14860
13432
8316
15002
6697
10080
5047
8431
11898
10020
18676
20344
3431
8561
23932
10245
12110
8588
8663
10374
15688
12371
13942
5260
15849
10581
14106
12342
3487
10588
17805
7090
14256
12479
9017
7171
3642
9020
12697
3601
9089
16271
14621
21876
3576
18383
18365
11227
21929
11113
7489
7436
18697
7419
24442
3845
11222
7527
16891
5600
13339
17267
7629
13433
22934
9744
3794
21055
23034
17332
9728
13621
9700
19560
5922
7808
11656
15868
17813
6004
9841
19870
10010
15967
19797
12034
11969
14155
23942
18122
12147
26337
14089
24400
22229
20362
8104
14342
12390
12315
10197
16596
14295
12428
12622
18674
14613
12501
16739
8316
12651
16747
10626
14672
12645
6438
6459
14908
19164
2179
4270
6458
10814
17245
15053
2104
6525
4378
8687
8845
6515
8751
2155
8764
13254
15536
15398
11177
4429
8929
2305
13405
9006
6607
4491
11263
4486
18011
13567
11390
4589
6774
6910
6783
13812
13935
4657
6876
9310
6940
6936
4650
9582
9246
4611
2314
16348
14011
7037
4711
4780
11819
11999
7210
7097
9500
0
2433
16675
12022
9596
2428
2438
16974
7297
9684
4916
7316
2469
4871
14623
4803
4911
9808
19714
9905
4927
2470
2525
7529
7556
5082
12578
15120
14860
15232
12732
2568
15277
7641
10159
5134
7625
5073
10350
5085
7663
2494
5163
2532
10467
5219
2662
2565
10431
0
7959
2688
5119
7924
2604
5337
5207
18687
2669
2718
2695
18786
5243
5333
5412
0
0
0
0
8035
13510
2702
8049
5399
2697
0
2782
11117
8234
0
5500
0
0
5581
5763
8392
0
2810
0
2832
8443
5854
5661
0
5637
0
0
2821
2861
5735
5723
2823
11511
8544
5719
2866
5823
2813
2856
0
5874
2930
8840
2878
8788
5938
2968
5911
5861
8957
2984
0
11809
3006
5911
0
0
0
0
3044
3049
9052
3052
9057
2968
3084
0
9050
3071
3111
9140
0
3105
9184
3094
3130
6179
0
0
0
3161
0
6185
3163
6221
3090
0
3167
0
9332
0
12746
9445
3186
3217
3219
3168
0
3258
3269
3157
6372
0
6496
6522
6476
0
3312
0
0
3209
0
0
0
3334
13102
0
0
0
3283
9892
0
0
6679
0
0
0
0
3356
3300
6662
0
0
3353
0
3452
0
3457
3454
3465
6822
0
6928
0
0
6791
3475
0
0
6835
3509
0
0
3429
0
0
10304
0
0
3549
0
3573
7166
3604
3567
0
0
0
3566
0
3579
0
0
3653
3640
11047
3644
7131
10817
0
3584
0
3723
3622
0
0
7302
0
0
3629
0
0
3752
3631
3782
3670
7517
0
0
0
0
0
3811
7624
0
3884
3821
11693
0
0
11547
11451
7624
3934
0
0
3872
0
11581
7847
0
0
3799
0
0
11869
7724
3805
0
7715
0
0
0
3851
0
0
0
0
0
0
3982
0
0
0
3954
0
4018
0
4045
0
0
0
0
4142
0
0
0
0
0
0
0
0
0
0
0
0
0
0
0
0
0
0
0
0
0
4222
0
0
0
0
0
0
0
0
0
0
0
4375
0
4291
0
4198
0
0
8563
0
0
0
0
0
0
0
0
0
0
0
0
0
0
0
0
4427
0
0
0
0
0
8906
0
0
0
0
0
0
0
0
0
0
4503
0
0
0
0
0
0
0
0
0
0
0
0
0
0
0
0
0
0
0
0
0
0
0
0
0
0
0
0
4596
0
0
0
0
0
0
0
0
0
0
0
0
0
0
0
0
0
0
0
0
0
0
0
0
0
0
0
0
0
0
0
0
0
0
0
0
0
0
0
0
0
0
0
0
0
0
0
0
0
0
0
0
0
0
0
0
0
0
0
0
0
0
0
