0
0
0
0
0
0
0
0
0
0
0
0
0
0
0
0
0
0
0
0
0
0
0
0
0
0
0
0
0
0
0
0
0
0
0
0
0
0
0
0
0
0
0
0
0
0
0
0
0
0
0
15
0
17
0
0
18
19
41
0
0
0
61
21
23
22
90
47
48
120
75
73
105
53
76
27
82
83
85
57
144
180
213
122
130
127
65
103
34
138
142
71
72
145
194
115
39
77
79
120
159
0
0
128
131
221
178
92
93
182
385
152
260
347
99
102
0
212
254
161
52
335
331
170
124
228
58
353
244
180
182
554
252
510
267
383
464
197
335
284
410
417
651
144
216
516
442
217
224
462
154
75
466
248
245
319
0
671
495
166
428
343
545
441
527
354
558
274
180
370
281
756
292
710
776
488
400
904
320
726
827
1462
537
423
856
963
221
666
668
1006
790
905
692
812
1522
1305
842
1076
1367
1258
1002
743
1994
1536
1280
2203
904
1167
1452
1218
2121
1762
2187
1628
2335
2113
2950
2160
2298
2594
2542
2675
1934
1503
2382
2249
3020
1530
2186
3079
3928
2361
2847
2098
3379
2440
2477
3291
4467
4173
2361
3002
4117
2556
3106
3151
2833
3187
3562
3203
3424
3245
2330
3308
4319
3528
5110
3444
4153
2303
4033
5235
3698
2935
6204
4737
4272
4077
2866
5715
3708
2077
3526
4218
4639
5093
5311
4362
6110
5855
3958
5509
5560
3965
5603
5003
3458
3846
5046
4236
5591
4506
5450
5449
7429
7425
5290
7500
6139
4691
5181
3742
5020
6764
5249
5611
8021
8013
5149
9098
8223
4203
6961
8011
6713
9681
9225
7356
7912
9630
8300
8011
9504
7026
9314
7145
12575
9490
7275
7344
11101
7687
8912
11533
10441
8714
14719
10867
7233
9558
10464
13059
9082
12523
12637
13613
6980
12481
10305
9684
13647
10463
14427
10895
15330
11674
10024
11431
10512
15258
15686
15894
15507
12121
15300
13977
13053
15687
11046
22149
19160
13793
15520
13883
22611
16625
15892
14835
16031
20962
17072
19381
18835
25683
18827
14597
20493
17912
21913
17697
16563
24132
20688
22831
15292
22672
23742
14270
17981
20099
27189
18667
15348
14705
18163
19478
16110
21349
17960
25855
21189
19514
26241
19785
23435
20554
15046
19176
17001
21536
28331
20465
17810
26938
35553
22635
25902
24722
25678
26239
30176
28863
22854
33983
29381
26934
36733
29454
34905
30353
27010
37487
36130
38558
38467
37369
36861
35526
44030
39318
42551
46817
40164
36467
49449
48677
45111
37945
43888
47819
49642
40748
57569
53342
52013
57023
58120
45984
55209
48600
47009
48361
41470
51360
47899
55217
45602
34181
45572
56234
50494
46275
49754
53463
42816
51577
37785
45458
36355
39312
37686
39034
38017
42354
33379
42216
36788
47193
36340
37734
36005
38088
33277
40060
25193
25883
32963
36368
31881
35054
35457
30425
37946
27329
29933
29296
34847
31712
27863
28425
26743
26209
28950
34376
27001
39347
35908
36254
28745
28085
33120
31141
33988
30599
28776
32851
34654
29710
33221
35558
35706
31406
25757
26604
23930
30600
22380
29259
37349
32348
41339
33237
22922
24672
29287
30746
26333
27188
35642
39606
31215
32235
29990
26128
32463
29492
21078
26544
24436
31426
18117
23926
20848
22303
18476
33016
20810
22658
25080
21980
22059
26181
25283
24842
19829
23279
21048
17570
22636
24350
21772
18668
20366
29748
28049
24786
26494
22339
24081
26026
22518
24299
23603
21995
27110
26412
23038
16753
23107
17795
18787
17833
18051
27133
27078
20893
25496
18238
22017
20257
20126
19478
15835
19666
17866
19626
28386
19765
18788
28740
15266
23818
22962
18194
15475
26974
18475
15505
16484
32332
22480
21602
18683
15821
12835
8899
11853
14887
20017
16975
15116
17102
15182
15284
26475
17341
14272
16488
14510
21777
15411
21739
19756
20041
17831
16752
16953
27573
28684
17180
21461
12902
18301
24723
15077
15128
14133
14204
15276
13035
9897
22055
25323
12155
15681
18859
15614
13541
9021
14535
19232
13502
13654
13550
17095
17156
19550
18204
16076
22076
16260
9213
13845
19778
25783
18939
18819
9377
9499
20233
16673
15502
20292
22872
15618
9664
21891
14531
13456
12255
7230
20830
11121
15964
17244
13715
14819
13637
18823
17361
13784
17638
10102
7608
17626
14088
24275
19046
25773
20623
7805
16797
15535
14247
13270
15703
15663
18343
18384
13202
22535
22340
22497
16047
24201
24066
10722
20142
20112
24204
18921
10783
17701
21924
15013
20483
20532
12449
19387
20667
25013
13895
22480
16641
15358
18079
19686
15514
15571
8497
17128
17024
22903
11490
15812
15751
10126
4344
8658
8669
13149
17397
10268
22008
19109
19217
4340
7431
14889
8921
13413
29935
7479
13566
16649
2999
7612
19692
10592
15271
9150
16819
7650
4657
6176
7795
21733
10839
10939
18828
10970
6233
14141
4712
11023
15973
9545
14177
9528
15944
18072
19168
8166
11204
3248
9749
16113
9758
11462
6564
9744
11447
9919
24606
1669
8351
8283
5014
10015
5021
5071
8368
8362
16802
10112
18727
15208
6820
22314
8626
13759
6805
13748
15655
6928
6859
13869
13866
10444
12263
14013
20901
12322
3514
3518
5332
10653
15950
14265
15937
12671
10788
25329
16312
14331
14452
14447
3583
12574
16344
10955
12794
14852
7306
9150
16776
25836
9305
15234
20454
14888
7550
11331
13143
5554
9393
11307
19094
30565
20857
11457
7751
11456
19188
7703
13757
7658
9669
13669
19413
5873
13883
13765
15831
11796
11843
13985
11919
11771
5907
9871
7943
6009
13940
18329
17968
9994
14097
14094
6054
14499
14042
20320
10205
14238
6152
6225
12352
8292
12385
14436
14557
6263
6347
8354
0
8459
6314
10450
14572
4178
16895
12555
10563
12870
4257
4255
6408
10675
12984
4284
4297
15132
12947
10946
13071
4308
10916
2203
13276
6675
4353
6569
8879
11269
13258
2279
13489
8965
8939
6722
8834
8972
7074
13580
13467
15840
11321
15929
2299
11318
6844
11550
11392
0
6926
13821
13963
2270
7015
11493
9505
4672
11772
9330
6960
7068
7088
4795
4673
2389
14172
12099
9528
14333
4786
4752
7252
7243
16833
12220
0
4789
4881
4862
12345
4946
4836
15103
4872
7405
12319
9823
2480
2472
4961
14862
2483
5036
5018
2677
0
4979
2535
7605
2477
5082
7676
10101
17712
2578
5099
12876
7623
7801
5121
10366
7628
5123
5260
5176
0
2637
5298
13193
10480
7898
2645
2596
2590
5319
7984
7984
5425
5360
13522
2640
2687
2649
5376
2637
0
5464
2713
0
0
2750
5441
5431
0
2720
5635
0
0
2703
2739
0
5643
0
2731
8382
5587
0
8387
2791
0
8398
8695
8438
5699
2781
0
8538
2875
5730
2806
0
2889
2912
0
0
5737
5799
14557
8057
0
0
2945
5843
0
2978
5869
0
2938
2976
2909
6088
3001
5938
0
0
2942
5887
3032
3053
0
2969
3316
6036
2990
15110
0
6192
3086
3073
0
3012
0
3081
0
12268
0
3074
6213
3120
0
3159
3086
12552
3147
3088
3170
9432
6377
3223
6306
3136
3177
3184
0
3185
0
3244
3236
0
6400
0
0
0
3255
3274
3281
3288
0
3264
3313
3516
6518
0
3311
10098
3323
3238
0
0
3265
3369
13566
0
0
3349
0
3297
0
0
0
10357
0
0
3431
0
0
3356
3465
3463
6814
3483
3642
3409
3487
0
0
0
0
3522
0
7046
0
3529
3460
3489
0
0
3556
6984
0
0
7078
0
7152
7131
0
10839
0
0
7160
3564
7268
3600
0
3659
0
3664
7330
14730
3606
0
0
0
7328
0
0
0
0
0
0
3683
0
7422
0
3731
3669
3785
0
0
3746
3751
0
0
0
3846
0
0
3746
0
0
3867
0
0
0
3768
0
0
3895
0
3886
3901
3812
0
0
0
3944
0
0
3972
0
11811
0
0
0
0
0
0
12267
7953
0
3948
0
0
0
3974
0
0
0
3964
0
0
0
0
0
3998
0
0
0
0
0
0
0
0
0
0
0
4213
0
0
0
0
0
0
0
0
0
0
0
0
0
0
0
0
0
0
8497
0
0
0
0
0
0
0
4254
0
0
0
4311
0
0
0
0
0
0
0
0
0
0
0
0
0
0
0
0
4508
0
0
0
0
0
0
0
0
0
0
0
0
0
0
4441
0
0
0
0
0
4545
0
0
0
0
0
0
0
0
0
0
0
0
0
0
0
0
0
0
0
0
0
0
0
0
0
0
0
0
0
0
0
0
0
0
0
0
0
0
0
0
0
0
0
0
0
0
0
0
0
0
0
0
0
0
0
0
0
0
0
0
0
0
0
0
0
0
0
0
0
