0
0
0
0
0
0
0
0
0
0
0
0
0
0
0
0
0
0
0
0
0
0
0
0
0
0
0
0
0
0
0
0
0
0
0
0
0
0
0
0
0
0
0
0
0
0
0
0
0
0
0
21
0
23
0
0
26
25
52
0
0
0
85
31
33
31
144
68
68
173
107
108
155
80
117
41
121
124
127
87
236
275
338
192
200
202
100
165
54
212
219
111
116
234
296
180
63
127
128
192
268
0
0
207
214
356
298
147
150
310
631
240
404
573
161
171
0
348
452
272
88
542
555
281
205
396
109
596
407
307
309
972
439
880
437
675
802
339
584
496
713
726
1107
248
393
919
774
398
406
803
268
132
827
398
400
532
0
1083
830
283
717
552
874
729
858
579
894
427
302
613
463
1214
443
1076
1179
778
625
1399
500
1097
1277
2178
814
648
1284
1469
320
959
978
1472
1122
1304
1024
1168
2209
1808
1190
1546
1915
1743
1381
1052
2798
2089
1719
3014
1233
1593
1951
1621
2917
2368
2860
2212
3140
2744
3901
2880
2983
3387
3272
3466
2493
1925
3058
2902
3938
2008
2757
3943
5072
2958
3646
2631
4282
3079
3016
4106
5542
5208
2912
3723
5022
3162
3826
3804
3347
3801
4278
3882
4082
3973
2796
3909
5042
4170
6030
3972
4920
2651
4749
5990
4307
3351
7027
5416
4863
4546
3254
6489
4180
2286
3951
4718
5180
5729
5945
4745
6745
6409
4336
6079
6092
4406
6159
5371
3654
4148
5446
4562
6054
4754
5820
5854
7926
7842
5623
7961
6452
4931
5366
3792
5212
7089
5440
5762
8323
8289
5222
9365
8289
4290
7093
8070
6702
9841
9227
7429
7936
9514
8284
7941
9376
6906
9128
7076
12285
9305
7010
7165
10774
7464
8607
11277
10078
8477
14032
10360
6733
9122
9995
12366
8513
11839
11936
12805
6641
11779
9669
9122
12684
9755
13554
10092
14087
10807
9319
10378
9525
14046
14257
14353
14010
11104
13877
12673
11780
13977
9870
20045
17116
12064
13913
12292
20155
14596
13995
13055
14158
18410
14957
16885
16458
22279
16151
12565
17615
15442
18787
15214
14095
20732
17615
19584
12928
19359
20069
12063
15170
17049
22889
15607
12872
12378
15143
16221
13410
17668
14880
21182
17429
15976
21353
16161
19129
16590
12183
15662
13832
17625
22944
16605
14386
21791
28602
18137
20880
19839
20539
20827
24006
23098
18096
26679
23106
21210
28753
23109
27444
23725
21071
29139
28271
29732
30010
28796
28352
27223
33794
30156
32491
35710
30611
27285
37646
36921
33964
28700
32950
35929
37253
30442
43070
39763
38789
42544
42970
34472
40962
35923
34526
35876
30319
38289
35399
40510
33252
24874
33166
40827
36659
33424
36129
38655
30924
37148
26901
32584
25758
28154
26891
27800
27111
29993
23427
29599
25898
33293
25617
26458
25164
26641
23063
27898
17521
17834
22922
25023
22039
24267
24328
21084
26254
18748
20488
20132
23934
21484
19107
19519
18080
17600
19485
23353
18380
26645
24427
24144
19277
19002
22328
20758
22970
20653
19263
21983
23161
19694
21892
23629
23662
20880
17204
17421
15598
19915
14729
19099
24446
21082
26748
21677
14932
15968
18894
20011
17054
17652
22922
25450
19891
20573
19035
16684
20694
18959
13425
16759
15588
19733
11481
15141
13201
13862
11511
20700
13039
14182
15730
13524
13701
16218
15805
15534
12199
14418
11799
10807
13957
14927
13530
11255
12549
18128
17259
14929
16104
13985
14645
15819
13668
14837
14381
13334
16519
15916
14234
10147
13819
10645
11277
10586
10712
16148
16120
12580
15249
10999
12958
11974
11932
11407
9261
11549
10408
11517
16373
11577
11000
16642
8781
13728
13399
10624
8871
15463
10565
8963
9395
18599
12889
12258
10688
9069
7344
5102
6779
8488
11439
9760
8577
9661
8608
8575
15097
9753
8046
9183
8155
12324
8741
12112
11214
11073
10004
9369
9267
15465
15953
9423
11781
6989
10052
13512
8336
8255
7717
7726
8193
7167
5435
12215
13668
6602
8371
10263
8444
7270
4883
7688
10403
7338
7289
7346
9176
9301
10401
9827
8588
11714
8678
4865
7316
10622
13668
10114
9865
4965
4971
10704
8669
8219
10774
11780
8120
5082
11468
7657
6953
6361
3830
10771
5706
8296
8929
7255
7780
7139
9673
8867
7106
9087
5099
4003
9211
7144
12272
9787
13154
10609
3902
8433
7784
7221
6548
7904
7821
9178
9392
6611
11559
11252
11292
8127
12068
11941
5448
9846
10218
12188
9414
5429
8807
10902
7604
10088
10194
6104
9566
10197
12325
6892
10933
8305
7462
8910
9506
7527
7523
4246
8183
8246
11106
5540
7622
7510
4860
2046
4235
4238
6282
8315
4880
10489
9284
9081
2058
3557
7080
4214
6286
14086
3653
6296
7771
1392
3637
9287
4951
7118
4255
7866
3529
2225
2879
3682
10111
5156
4961
8774
5068
2936
6548
2231
5205
7362
4383
6692
4429
7356
7389
8930
3622
5208
1444
4424
7604
4547
5306
2993
4439
5187
4467
11278
763
3800
3754
2228
4605
2285
2377
3771
3788
7510
4591
8255
6923
3119
10171
3915
6165
3105
6175
7011
3116
3006
6144
6291
4615
5432
6145
9295
5431
1640
1578
2317
4607
7032
6323
7115
5550
4617
10935
7079
6370
6386
6332
1678
5465
7205
4746
5619
6517
3182
4055
7256
11166
4066
6269
8897
6511
3299
4832
5767
2412
3928
4840
7922
12844
8850
4968
3148
4953
8166
3257
5857
3284
4005
5684
8155
2495
5680
5729
6549
5035
5063
5813
4943
7298
2485
4148
3287
2499
5865
7597
7548
4246
5867
5806
2466
5936
5754
8253
4206
5946
2487
2529
5089
3319
5170
6096
6001
2549
2603
3469
0
3478
2646
4206
6141
1721
6835
5137
4197
5032
1753
1776
2551
4337
8257
1733
1724
6065
5204
4339
5290
1766
4363
908
5221
2696
1799
2737
3462
4425
5213
942
5310
3689
3563
2662
3441
3562
2650
5318
5282
6278
4427
6256
879
4524
2719
4480
4522
0
2633
5482
5497
908
2747
4509
3620
1784
4502
3725
2732
2736
2691
1839
1842
933
5550
4526
3697
5531
1779
1771
2762
2756
6481
4685
0
1852
1824
1907
4572
1812
1863
5544
1954
2791
4747
3743
926
910
1903
5672
1005
1822
1892
919
0
1916
923
2840
944
1875
3006
3848
6684
913
1840
4798
2796
2801
1905
3918
2966
1929
1941
1947
0
1050
1973
4867
3814
2961
944
993
1030
1993
2961
2928
2074
1987
4866
970
957
991
1914
945
0
2002
952
0
0
1022
1950
2015
0
975
2041
0
0
987
1032
0
2023
0
1072
3252
1952
0
3105
977
0
3014
3027
3022
2011
989
0
3069
980
2032
988
0
1019
1064
0
0
2011
2055
5208
2037
0
0
996
2025
0
1003
2030
0
1002
1046
1066
2049
1018
2056
0
0
1068
2037
1023
1028
0
1045
1017
2173
1103
5267
0
2093
1114
1053
0
1029
0
1053
0
4209
0
1069
2126
1046
0
1075
1046
4200
1035
1044
1043
3135
2196
1063
2080
1095
1067
1061
0
1040
0
1065
1088
0
2223
0
0
0
1066
1049
1078
1060
0
1128
1059
1069
2180
0
1095
3250
1078
1075
0
0
1137
1058
4410
0
0
1106
0
1114
0
0
0
3429
0
0
1138
0
0
1149
1136
1137
2210
1115
1094
1091
1166
0
0
0
0
1082
0
2280
0
1220
1133
1096
0
0
1097
2357
0
0
2240
0
2274
2261
0
3567
0
0
2411
1104
2428
1115
0
1122
0
1162
2233
4727
1148
0
0
0
2296
0
0
0
0
0
0
1210
0
2299
0
1247
1222
1168
0
0
1228
1131
0
0
0
1211
0
0
1200
0
0
1144
0
0
0
1155
0
0
1277
0
1207
1153
1185
0
0
0
1306
0
0
1164
0
3538
0
0
0
0
0
0
3655
2402
0
1304
0
0
0
1183
0
0
0
1216
0
0
0
0
0
1210
0
0
0
0
0
0
0
0
0
0
0
1214
0
0
0
0
0
0
0
0
0
0
0
0
0
0
0
0
0
0
2554
0
0
0
0
0
0
0
1367
0
0
0
1264
0
0
0
0
0
0
0
0
0
0
0
0
0
0
0
0
1277
0
0
0
0
0
0
0
0
0
0
0
0
0
0
1287
0
0
0
0
0
1281
0
0
0
0
0
0
0
0
0
0
0
0
0
0
0
0
0
0
0
0
0
0
0
0
0
0
0
0
0
0
0
0
0
0
0
0
0
0
0
0
0
0
0
0
0
0
0
0
0
0
0
0
0
0
0
0
0
0
0
0
0
0
0
0
0
0
0
0
0
