0
0
0
0
0
0
0
0
0
0
0
0
0
0
0
0
0
0
0
0
0
0
0
0
0
0
0
0
0
0
0
0
0
0
0
0
0
0
0
0
0
0
0
0
21
0
0
0
0
32
0
0
51
25
89
38
0
29
29
72
0
33
67
0
114
75
137
75
38
85
80
126
228
98
286
96
347
104
466
59
153
433
167
338
234
234
113
71
119
134
59
72
136
324
257
131
79
68
151
0
163
539
243
307
259
166
418
0
258
174
345
355
191
194
485
473
299
206
605
341
500
121
334
442
319
810
345
232
706
335
582
584
480
630
734
633
891
378
787
432
808
968
844
843
404
784
467
285
424
434
926
317
964
280
672
170
731
467
1001
778
793
0
333
321
741
1044
1036
624
601
152
815
496
1254
1491
644
917
1312
1087
992
661
806
1839
1134
1920
972
1007
539
981
1189
1740
1052
1631
1645
697
2062
1406
1949
2529
1062
1793
2072
724
2415
1281
2097
2517
2420
2032
1320
2507
2524
1782
1980
2195
3146
3466
2742
2318
4448
3510
3447
3524
4222
3580
3060
1847
4069
2983
1906
3675
3247
4404
4677
6464
4642
4669
2741
3724
3310
4691
4624
2694
3219
3732
5802
5799
6204
4336
4394
3589
5947
3315
4276
3645
4705
4714
3233
4173
5289
3777
6022
4784
6308
6995
5349
4467
4361
4208
5388
2983
4417
4845
5985
6672
5034
4848
6720
5751
3601
6769
3599
6294
4385
6225
3527
5757
6236
6200
6585
6061
4225
5726
9304
9782
5034
5385
7233
6884
4675
4073
5364
5483
8624
8713
6263
6166
6549
9336
5247
7867
8420
6718
6242
8785
10912
5837
6661
7007
9475
6835
9490
8955
9801
9215
10696
7175
10458
10919
10835
8935
13014
11195
8249
11184
7695
11428
12487
10097
12969
8071
13802
9302
14494
9406
11058
10128
10272
11950
13207
9916
8422
12336
11060
10960
14965
12660
14300
15149
14006
13159
16219
10519
15138
12942
16917
13481
15803
12708
11643
17165
16067
19079
13514
10214
16395
16273
14600
19374
16520
19282
16719
11320
16710
15212
16666
12146
16703
18762
15796
20471
15799
17503
15193
13478
14736
17114
14235
10644
17629
15554
16990
15210
21635
16352
20346
19261
17113
17155
20106
17336
20991
19274
17855
23035
18225
20612
20701
14628
20506
19002
15821
20557
19529
20710
23871
24538
28176
20258
24329
16614
20408
26673
25083
26552
31339
28157
28464
22553
26090
22613
30846
31924
27038
28323
28334
29035
28018
31050
33767
31942
34354
32807
38838
33210
39132
36641
41625
40809
38648
35528
36251
38441
38874
40149
43873
33559
39448
34476
30792
36538
40587
36798
43963
32727
33238
37770
31595
36192
33517
34489
29284
36570
32639
36430
36259
34123
33145
30134
37693
33480
27897
29393
34995
31297
30288
29457
37421
30712
27977
29704
31940
27217
29146
20018
19685
24330
21282
24025
20419
28955
21970
26386
27373
26307
25642
23761
23569
21907
21791
23094
26290
18719
20824
23814
19916
20535
21950
21024
23853
16659
25760
23675
19078
25678
26104
27192
27961
22386
25308
18500
30978
24292
24353
25124
18656
24010
25276
25960
15413
18079
17782
17039
17371
19767
17489
24134
20978
23330
18300
21279
18202
17083
17648
19694
16050
16360
16911
16461
17039
16252
20543
18709
20475
15933
14400
17289
14580
17872
16808
17024
14683
17853
17866
16674
13344
13015
10552
17150
13959
13682
15338
15606
13852
13844
14510
16902
16154
14849
13021
15479
13763
14443
12607
15675
15571
12846
7848
12531
14981
14298
14645
14238
10967
18479
13069
14522
8612
14267
6965
11392
12853
13567
12931
17219
7383
15879
14488
13359
9354
12828
13545
14275
12973
8298
11292
10154
17307
12499
15660
11744
11880
8554
12624
13243
11374
10386
12387
8512
11444
13394
10757
7957
11620
8519
16267
14012
6534
10923
11279
11889
10467
9528
11712
6181
13997
7485
11473
10011
10528
11033
7035
10075
10270
7882
9158
8058
8454
10739
12786
7378
8244
12692
8894
11530
17395
11444
10336
7701
12380
11758
10918
12405
10993
11954
11835
7329
8486
10904
9806
7939
8972
5900
11285
8261
9455
11372
6489
7194
9691
9600
9960
12447
7894
8741
9312
7979
10214
8839
13481
12300
7010
13501
6582
9705
13547
6196
8980
9341
4182
9384
7525
7758
9711
9646
8918
11453
6932
10958
9615
8303
8262
9780
6587
8325
9088
10063
6293
10657
8763
12650
8422
9793
7009
7348
8626
9662
9049
10012
5526
6950
4249
5647
9832
5943
8434
12328
10984
9487
4643
9896
5822
8655
9474
9517
10245
11189
7218
9628
9079
9258
7388
8750
4361
4962
6666
9357
9944
8263
8960
8078
3649
8162
9634
8220
6749
5279
8362
3745
6747
7815
8088
12312
4581
9121
10876
3981
8435
7667
7429
4438
6927
3187
6069
3185
5244
9258
4046
6118
6954
8606
5400
7108
5580
3920
4845
5560
4688
8546
4132
4605
3164
6032
5432
2414
7473
6183
3841
7311
3026
4872
2395
3946
5515
4783
8957
10170
1525
3947
11462
4891
5664
4146
3952
4741
7248
5871
6602
2657
7448
4789
6687
5737
1728
4761
8226
3292
6492
5682
4021
3339
1588
4004
5640
1753
4001
7596
6617
10165
1682
8015
8380
4981
9886
4948
3265
3243
8435
3430
10802
1622
5197
3547
7438
2599
6102
8000
3461
6044
9970
4350
1899
8633
10379
7541
4394
6070
4325
8610
2512
3344
5225
7123
8077
2696
4325
8608
4330
7014
8587
5317
5149
5968
10456
8115
5384
11573
6066
10896
9637
9028
3425
6770
5359
5259
4278
7413
6311
5528
5532
8109
6258
5480
7007
3482
5490
7271
4437
6255
5201
2620
2669
6391
8043
866
1718
2740
4680
7444
6509
869
2655
1777
3534
3523
2841
3690
1010
3747
5625
6194
6255
4535
2002
3690
926
5865
3729
2670
1817
4799
1793
7396
5643
4820
1803
2864
2897
2726
5614
5694
1846
2741
4043
2879
2703
1842
3831
3784
1867
1081
5939
5961
2953
1864
1845
4588
4718
2838
2825
3702
0
962
6812
4750
3741
916
909
6780
2765
3955
2029
2829
967
2013
5795
2102
2025
4133
8029
3960
1911
937
935
2812
3122
1941
5044
6124
6099
6020
4830
959
5759
3193
3916
1924
3238
2058
3998
2120
2878
926
1997
1094
3926
2183
992
1178
4000
0
2969
1020
2097
3121
984
1959
1988
7266
963
1008
990
7152
1967
2008
2077
0
0
0
0
3121
5230
1143
3169
2132
1011
0
1268
4112
3236
0
2188
0
0
2205
2328
3206
0
1016
0
1031
3092
2177
2024
0
2054
0
0
1002
1032
2364
2043
1210
4096
3080
2214
1186
2026
1014
1045
0
2181
995
3465
1073
3437
2388
1033
2071
2234
3411
1241
0
4530
1218
2231
0
0
0
0
1050
1063
3167
1051
3359
1060
1080
0
3150
1042
1216
3243
0
1070
3217
1048
1231
2134
0
0
0
1071
0
2343
1114
2162
1096
0
1075
0
3252
0
4550
3253
1349
1076
1218
1086
0
1110
1105
1085
2229
0
2396
2363
2221
0
1107
0
0
1121
0
0
0
1288
4653
0
0
0
1307
3350
0
0
2560
0
0
0
0
1150
1120
2287
0
0
1152
0
1192
0
1113
1145
1155
2288
0
2400
0
0
2283
1171
0
0
2321
1319
0
0
1138
0
0
3448
0
0
1389
0
1152
2384
1162
1149
0
0
0
1132
0
1163
0
0
1264
1358
3589
1179
2281
3925
0
1334
0
1422
1146
0
0
2452
0
0
1174
0
0
1388
1185
1182
1378
2375
0
0
0
0
0
1200
2545
0
1228
1335
3590
0
0
3813
3595
2577
1257
0
0
1216
0
3589
2394
0
0
1191
0
0
4043
2652
1189
0
2697
0
0
0
1383
0
0
0
0
0
0
1414
0
0
0
1411
0
1185
0
1255
0
0
0
0
1254
0
0
0
0
0
0
0
0
0
0
0
0
0
0
0
0
0
0
0
0
0
1331
0
0
0
0
0
0
0
0
0
0
0
1454
0
1477
0
1295
0
0
2549
0
0
0
0
0
0
0
0
0
0
0
0
0
0
0
0
1275
0
0
0
0
0
2827
0
0
0
0
0
0
0
0
0
0
1283
0
0
0
0
0
0
0
0
0
0
0
0
0
0
0
0
0
0
0
0
0
0
0
0
0
0
0
0
1529
0
0
0
0
0
0
0
0
0
0
0
0
0
0
0
0
0
0
0
0
0
0
0
0
0
0
0
0
0
0
0
0
0
0
0
0
0
0
0
0
0
0
0
0
0
0
0
0
0
0
0
0
0
0
0
0
0
0
0
0
0
0
0
