1018706
1085595
1085689
1083775
1098978
596656
963249
1085887
1089984
1083382
1085760
1089021
594858
965773
1087606
1088526
1084690
1177903
1087147
598768
1013993
1085188
1086848
1136440
1086296
1086816
655088
985031
1089972
1094301
1088065
1087980
1108860
598166
969676
1138130
1091817
1091279
1095492
1096443
649266
1042640
1096448
1098696
1100583
1100967
1112274
612011
994277
1112381
1152364
1109921
1107274
1106336
607831
984907
1103955
1103329
1103995
1100782
1099671
608799
975426
1095961
1096250
1093726
1092092
1090238
612741
1014278
1088248
1088450
1090372
1087959
1114586
600886
968654
1085472
1086295
1085297
1089960
1102397
597622
1011485
1088730
1084348
1083263
1088238
1083255
627491
965417
1084471
1083524
1084230
1082952
1083003
597570
976549
1085278
1084979

