205367
205003
204971
206909
205159
204983
204511
112950
113327
112318
124442
160944
111765
112283
112330
156346
111741
115168
112099
111259
111914
111377
111701
111510
111673
112170
113002
111896
111299
112880
112243
111721
112926
111502
112258
111738
111999
112071
112188
112401
112371
115910
112025
112455
112402
112537
113898
112510
123357
112850
112728
112526
112249
112220
112106
111746
111894
111802
111958
112002
111768
111886
111305
111327
153568
111700
111342
111323
146696
111101
111528
111440
111323
111598
129429
111677
111282
111827
111393
111930
111752
111559
111422
111208
129761
111286
111623
111534
112546
117309
111548
111670
112948
115063
111684
111625
117083
111920
134928
114543

