11960814
11982836
11941120
11853868
11787696
9923861
9830214
12021153
12408976
11853024
11950734
11785676
9757609
9651112
11906938
11837767
11819898
11864228
11781713
9886460
9770668
11867251
11912312
11959906
12026988
12232712
9860746
9851586
12155601
12009945
11996583
12179533
12158060
10168941
10161532
12217884
12160549
12403606
12364778
12407438
10601681
10380801
12586067
12556618
12651032
12578169
12734562
10872816
10765470
12853474
12692538
12875550
12936596
12793427
10892940
10738494
12996746
13044212
13472195
12915640
12817356
10987828
10831511
12931419
12930467
12819900
13074080
12848162
10747437
10635334
12739461
12742152
12624316
12950594
12473638
10523884
10511141
12552628
12687936
12427304
12681124
12499170
10377594
10501291
12399467
12654136
12503441
12619837
12881656
10371071
10535978
12503579
12442533
12601063
12467960
12571243
10361592
10273841
12649110
12429006

