13184906
13273457
13231805
13144570
13091853
10725526
10998000
13220006
13612302
13048741
13160956
13035662
10464248
10729187
13106888
13082666
13016343
13157314
12980971
10596506
10896602
13063829
13110874
13207874
13224976
13431721
10628851
10948528
13356889
13217146
13196907
13379247
13379859
10878630
11243488
13467766
13364377
13606975
13572478
13616295
11363335
11539368
13794554
13767788
13864029
13791687
13960746
11597357
11883127
14078718
13957643
14098012
14156142
14011994
11612897
11835164
14212610
14259367
14688162
14128438
14028809
11708543
11918264
14138720
14180298
14025344
14277540
14049739
11506899
11760734
13939256
13942073
13826031
14150174
13717676
11236477
11591111
13749948
13885647
13624554
13882871
13713147
11086659
11624007
13617979
13849803
13698361
13819665
14077495
11115918
11612981
13699742
13639039
13800392
13662621
13765926
11076267
11362334
13869349
13628552

