1612545
1736470
1719325
1716628
1717116
1420724
1598133
1716215
1735775
1732073
1733864
1717643
1421252
1597578
1715398
1725898
1722639
1743749
1718750
1426826
1596625
1715011
1718267
1715636
1719723
1719261
1418250
1616838
1734635
1714585
1721264
1721881
1718711
1421230
1595373
1726935
1716827
1717343
1720183
1723450
1422312
1598203
1721056
1718065
1730599
1718677
1725885
1423891
1596171
1717670
1717129
1731242
1719662
1740690
1424198
1600703
1723764
1718233
1715977
1722168
1717785
1422004
1596291
1716657
1718991
1719650
1722299
1723720
1422648
1594164
1721766
1711841
1716385
1722730
1714581
1419962
1599431
1714915
1716081
1718216
1711984
1713439
1433584
1596647
1717679
1717076
1716057
1720430
1719338
1432018
1600869
1727127
1714870
1715333
1715948
1715454
1419719
1595899
1717019
1717488

