216329
262467
217574
217707
216025
215849
249571
158481
120947
119836
122502
118708
118455
123575
117449
157975
162237
120251
117921
119230
119143
117565
119831
119942
142047
118233
118833
120712
117878
117950
120022
148250
120564
118052
117798
117690
118125
119668
142356
119447
140330
119986
130325
119494
121557
143563
120938
156046
117642
117880
119804
145096
119452
131968
119615
119020
119504
118914
136449
119347
153778
120594
136411
119698
146574
117867
119976
118841
119827
117674
122160
119202
127553
117983
119353
117928
119907
117881
120145
120163
117345
121208
119603
152010
118643
122362
120313
125778
118489
119834
118110
133253
120410
119316
120685
119569
123174
119437
122900
120073

