32180313
32481322
32427919
32347981
32349356
31235044
31276974
32433279
32338441
32134199
32688774
32163072
31197144
31199148
32601347
32319698
32614402
32509398
32217238
31189482
31152415
32392045
33236222
33296584
33404225
33304705
32008948
32104154
33941828
33483607
33293285
32942845
32387980
31108343
31234782
32327675
31986725
31992913
32451352
32366267
31021854
31063193
32354845
32074929
31924370
31797211
31783298
30879261
30857527
31567086
31664526
31520955
31847905
31731609
30622748
30557718
31502093
31659058
31828833
31735624
32035725
30864084
30963439
32159143
32077633
32129621
32057586
32204250
31065915
31147397
32251210
32187010
32099469
32191952
32298870
31467748
31427978
32445101
32322616
32300547
32477357
32428303
31370059
31387521
32423231
32281979
32460633
32393889
32441311
31639890
31443303
32391052
32370043
32230628
32446213
32423799
31489103
31591621
32633957
32353563

