34009212
34480337
34364862
34282369
34282532
32871648
33124712
34308019
34195195
33986150
34545170
33999455
32736879
32920334
34434225
34203607
34499303
34373425
34053950
32735558
32868220
34224676
35074354
35132190
35266038
35142256
33546071
33841776
35794389
35316170
35134652
34813023
34227352
32647671
32948073
34172372
33821750
33830045
34313992
34209331
32584568
32781848
34206295
33912522
33776607
33659559
33630238
32459345
32571501
33402820
33501738
33397553
33687342
33604538
32166774
32277608
33345833
33496443
33681578
33577337
33908053
32406760
32697132
33995753
33943854
33967313
33900001
34046964
32608659
32859456
34095438
34018214
33943569
34032817
34132970
33005658
33147524
34278818
34158871
34139621
34306827
34263507
32923265
33136839
34259582
34121865
34297125
34240438
34279253
33191974
33162302
34251682
34205441
34065435
34282981
34258954
33032134
33307146
34474053
34191295

