0
0
0
0
0
0
0
0
0
0
0
0
0
0
0
0
0
0
0
0
0
0
0
0
0
0
0
0
0
0
0
0
0
0
0
0
0
0
0
0
0
0
0
0
0
0
0
0
0
0
0
25
0
27
0
0
32
30
66
0
0
0
108
39
38
43
164
87
86
229
135
142
192
99
152
52
161
162
190
116
296
387
440
263
264
271
138
207
73
301
299
148
154
323
405
249
87
171
173
269
375
0
0
298
289
500
422
204
216
424
866
337
574
826
230
250
0
488
616
385
127
808
796
405
283
562
152
862
589
443
468
1377
625
1275
656
976
1165
501
851
698
1030
1095
1630
365
545
1316
1128
566
582
1216
432
198
1229
623
653
864
0
1764
1332
467
1143
931
1422
1169
1459
957
1489
731
492
995
769
2040
840
1899
2138
1343
1139
2510
849
1957
2315
4087
1488
1205
2441
2731
597
1897
1913
2807
2200
2608
1945
2306
4375
3643
2339
3152
3866
3500
2880
2130
5789
4346
3763
6311
2692
3409
4267
3446
6197
5162
6384
4817
6883
6100
8595
6262
6740
7639
7371
7816
5741
4401
7095
6692
9057
4549
6388
9181
11742
7089
8548
6173
10232
7389
7329
9773
13661
12688
7079
9265
12296
7742
9441
9493
8590
9688
10902
9783
10530
9988
7346
10238
12812
10841
15536
10503
12978
7057
12555
16204
11489
9127
18991
14883
12876
12591
8849
17677
11433
6416
11190
13184
14560
15871
16804
13693
19046
18435
12294
17378
17607
12702
17653
15682
10829
12327
16016
13032
17751
14243
17330
19343
23649
23647
16753
24359
19347
15007
16497
11849
16225
21542
16862
18104
25768
25569
16592
29214
26085
13585
22246
25840
21495
31189
29868
23956
25721
31146
27243
26393
31222
22559
30444
23305
40990
31030
23629
23692
36042
25210
29209
37865
34600
28410
48487
35929
23024
31190
34219
42535
29593
41544
41370
44778
23155
40970
33794
31895
44680
34358
47973
35815
50077
38740
33244
37830
34681
50516
52320
52350
51226
40284
50760
46990
43051
52012
36998
74163
63527
46197
51726
46504
75417
55222
53385
49575
53585
70288
57140
64310
63964
86107
62914
49206
68906
60667
73372
58984
55623
81646
69772
76680
51870
76043
79463
47680
60720
68074
92122
63107
51881
49753
61956
66369
54836
72572
60908
87570
72148
66376
88930
67044
79796
69105
51064
65197
58369
73576
97504
69193
60595
91489
121791
77419
88533
84264
87673
89719
102905
98802
78256
116761
100420
92532
126259
101775
119917
104129
93141
129087
123540
132134
132969
128146
127020
122303
152375
136193
146726
161206
138827
125794
171255
168281
156127
131678
152068
164963
171579
141238
199676
185197
180144
197239
200097
160327
190649
169115
163276
168609
143238
178964
166754
192822
157709
119674
159004
196599
176946
161726
175349
186490
148688
180586
131661
159119
126811
137374
132214
136307
132307
148868
117123
147144
128274
165997
127374
133065
127013
133199
116547
142516
88030
91209
116340
127840
113266
124482
124313
110252
136936
96287
105407
103654
122319
112566
98224
100699
94044
92023
102727
121791
96015
138879
127892
127386
101528
101597
117542
110528
120923
108760
101951
117822
122280
105921
118124
126146
126756
111870
92242
94978
84390
108498
80205
103761
133842
115492
146359
119087
81985
88486
104138
110063
94460
97789
126995
141198
111668
115027
107460
93341
116078
105552
76146
94838
87183
112938
65619
85323
73637
80077
65886
117527
75389
81465
89431
78191
78701
93291
90984
89035
70854
83103
68440
63172
81468
87540
79207
67069
73415
106662
100761
88894
95667
80304
87399
93917
80944
88076
85031
79223
98760
95538
83206
60473
83934
65300
67189
64628
64844
98384
97899
75711
95119
67094
79804
72946
74018
71037
57172
69998
64071
70820
101655
71951
67964
103352
55163
86120
85071
66668
56221
98529
66662
56711
60609
117244
81592
77385
68658
57164
47213
32245
43203
53830
72925
63287
55204
62619
55202
55385
95883
63747
52431
60607
52575
79232
56730
80117
72635
73155
65394
61112
62254
101442
104741
61917
77692
46748
66999
90358
55625
55849
51741
52231
56412
47724
36050
81024
92895
44887
57583
69276
57905
48882
33128
53578
69777
49535
50989
50621
62641
63110
71851
67607
59021
80191
58808
34577
51645
73511
95093
69045
69412
34407
34479
73843
61023
56760
77680
84695
57521
35276
80149
53922
49466
44813
26856
76271
40234
58751
63391
50413
55547
50586
69304
65417
51026
65637
37118
28129
64819
51209
89401
71111
95824
75926
28226
61361
58634
53280
48213
57943
57645
67758
68417
48917
83242
83196
83790
58960
88645
89259
39333
75199
75004
90506
69871
39954
64936
80713
56211
75147
75696
46461
71599
76392
91308
51322
83869
61617
56664
67927
73412
57179
57400
31343
63086
63881
83979
42550
58679
59240
37128
16012
32441
32591
48668
65272
38162
82545
71541
71366
16460
27097
54811
32794
49475
113676
28262
50152
61913
11518
28511
72955
39648
56611
34543
62895
28498
17410
23163
28304
80687
40785
40314
70141
40725
23899
52257
17678
41306
59092
37279
53959
35358
60003
61259
72785
29651
41875
12959
36463
60808
36317
43893
24411
36940
42938
36936
92266
6050
32134
31073
18923
37938
18891
18835
31813
31029
63521
38052
69327
57038
25034
82876
32119
51273
25247
52006
58878
25829
26096
52938
51846
38897
45085
53024
78668
47622
13436
13104
19686
39544
59532
53465
60166
47003
40489
93801
60552
54821
54330
54054
13461
47246
61703
40909
47989
55615
27191
34408
62017
97012
34683
55379
76181
56494
28573
42762
49446
21647
35207
42615
72235
113269
78707
42811
28753
43541
72927
29589
51217
29502
36346
51287
72838
22172
50712
50632
59183
44230
44220
51996
44018
44891
22410
37302
29570
22448
52847
68230
68385
37478
53298
53542
22741
54708
52982
77199
38822
54140
23246
22719
47800
31874
47089
54928
55201
23607
23331
31965
0
32082
24478
39451
57266
16097
63041
48230
40990
47568
15892
15759
24199
41229
48853
16110
16498
58012
49261
41185
49816
17094
41778
8174
50162
24516
16287
25135
33635
42156
50107
8761
50828
34776
33743
25651
33733
34225
25188
50903
50761
60912
43054
60827
8466
43145
26706
43380
43432
0
26093
52426
52920
8617
26874
43535
35354
17630
44506
35943
27302
26825
26390
18457
17707
8785
54169
45355
36053
55391
18309
17971
27253
27815
65551
45156
0
18014
18189
18436
45557
18186
18760
56083
18458
28688
47092
38330
9358
9248
19406
56699
9331
18995
18663
9347
0
18808
9439
29466
9471
19803
28913
38363
67680
9565
19503
48829
29834
29198
19248
38974
29611
19904
19755
20092
0
9768
20457
49328
39304
29508
9992
10034
10019
20585
30665
30056
20489
19997
51288
9984
10156
10117
20387
10617
0
22605
10300
0
0
10820
20613
20680
0
10882
20845
0
0
10534
10396
0
21675
0
10453
31956
21239
0
32218
10724
0
31717
33060
32591
22110
10677
0
32823
10783
21502
10715
0
11043
11032
0
0
22382
21964
54579
22444
0
0
10945
21902
0
11366
22098
0
11065
12068
11812
22618
11186
22516
0
0
11407
23126
11469
11722
0
11305
11437
22827
11486
58162
0
23047
11514
11889
0
11956
0
11592
0
47849
0
11878
24066
11698
0
12438
11803
48306
11971
12130
11852
35517
24180
12195
23953
11942
12281
12248
0
12060
0
12229
12568
0
24323
0
0
0
12681
13041
12203
12788
0
12282
12455
12431
24697
0
12569
38689
12525
12639
0
0
13323
13360
51262
0
0
12771
0
12833
0
0
0
38302
0
0
12830
0
0
13003
12846
12962
26417
13009
12905
13005
13331
0
0
0
0
13451
0
27484
0
13284
13273
14381
0
0
13378
27168
0
0
27713
0
27045
27047
0
41797
0
0
27451
13723
27340
13687
0
13678
0
13804
28844
56944
13904
0
0
0
28530
0
0
0
0
0
0
14133
0
28348
0
14504
14082
17232
0
0
14333
14222
0
0
0
14362
0
0
14572
0
0
15236
0
0
0
14680
0
0
14710
0
14672
14571
14829
0
0
0
15797
0
0
14839
0
45179
0
0
0
0
0
0
47617
30429
0
15966
0
0
0
16172
0
0
0
16223
0
0
0
0
0
15720
0
0
0
0
0
0
0
0
0
0
0
15772
0
0
0
0
0
0
0
0
0
0
0
0
0
0
0
0
0
0
34153
0
0
0
0
0
0
0
16550
0
0
0
16904
0
0
0
0
0
0
0
0
0
0
0
0
0
0
0
0
17180
0
0
0
0
0
0
0
0
0
0
0
0
0
0
17372
0
0
0
0
0
18813
0
0
0
0
0
0
0
0
0
0
0
0
0
0
0
0
0
0
0
0
0
0
0
0
0
0
0
0
0
0
0
0
0
0
0
0
0
0
0
0
0
0
0
0
0
0
0
0
0
0
0
0
0
0
0
0
0
0
0
0
0
0
0
0
0
0
0
0
0
