0
1672
3075
5580
6699
6696
15432
41603
62771
64004
2547
3548
3804
4089
5299
5598
6377
7373
7679
8921
1913
1953
2193
2794
2698
2844
3247
2875
3437
3949
4047
4443
4596
4781
4760
5427
5938
6422
5880
6096
6036
6734
6644
8032
7750
8142
7559
8629
8835
9176
670
562
583
598
558
688
741
715
891
625
1084
666
987
496
999
1142
985
1211
1243
1510
1556
1088
1279
1104
1521
981
1357
1754
1620
1269
1257
1549
1629
1393
2000
1554
1195
2139
1645
1526
2049
2500
2468
1748
2049
2169
1748
1781
1856
2456
2417
1920
1773
1996
1616
1880
1895
2850
1615
1327
3598
3339
2734
3032
3777
2849
3339
3098
3031
4318
3271
4343
3114
3438
2985
2767
5309
3361
3833
3466
3600
3142
5090
3447
3143
4635
4354
2387
2602
3381
4193
4557
3536
4311
3680
4530
4332
4851
4870
5199
4099
4857
6032
4263
5756
4861
6852
6426
5519
4868
3750
3853
3297
5166
4589
6860
7713
5698
5706
5314
5286
5996
5650
8623
7486
4415
7738
6933
8271
6497
8342
5395
7350
8000
5500
6524
5652
5022
7453
7549
8594
5255
8124
9361
6534
7271
7317
9992
9693
7952
5370
8015
7777
9090
7976
6797
8919
6485
6155
10837
8397
8934
5093
6927
10519
9640
8866
12128
9032
10845
12346
8250
7898
12722
7648
9632
12074
10857
9905
10088
11651
8055
10902
9295
8863
10896
12709
12158
3205
12196
7073
10561
9952
10695
8539
10305
11422
13389
12338
8293
586
0
2467
600
594
0
0
1285
0
615
2489
1321
1268
691
649
0
0
1367
669
675
2034
1412
1370
2086
697
2890
707
2168
0
2175
1458
0
744
744
0
1478
0
0
754
779
768
813
3206
798
803
1654
1661
1636
1704
829
2503
884
830
0
3437
2614
0
900
0
872
891
917
890
910
0
0
1880
1837
926
0
0
1923
2857
968
1922
0
991
3009
1056
1005
3120
3125
2026
1027
3062
2092
0
1052
3158
2155
6591
2254
1083
1162
1094
2201
2289
1107
1179
1129
0
1160
2365
3501
1188
0
3434
2337
2374
1174
3605
0
1318
0
3747
1238
0
1248
1252
5006
5181
2531
1258
1289
2589
3863
0
1359
2645
0
1335
2679
0
0
1334
1335
1379
0
2781
0
1391
0
0
5760
0
2927
1489
1454
2873
4337
0
0
0
0
3269
0
6089
1526
1614
3066
3239
1538
3125
1543
3216
0
3222
3168
6378
0
1626
0
6629
0
3406
0
1654
1682
1693
5034
3397
3560
1720
3437
1801
5273
0
0
5230
5450
1786
0
0
3851
0
1895
0
1929
1866
1818
1883
7768
3763
5650
0
0
2045
3954
0
7839
0
0
7892
1972
1928
1989
3965
1981
0
0
2005
3999
0
8459
6209
2047
2105
0
0
0
2109
0
4196
0
2138
0
2138
2147
4494
2252
0
2197
0
2200
2220
2238
0
2224
0
2377
4745
2297
0
0
0
4769
0
9499
0
4724
2382
0
4722
2415
9728
2532
4994
0
0
2533
0
0
5001
0
5270
0
0
5450
7648
2571
0
5234
2713
5155
5428
5264
2657
2715
0
5217
2788
8074
0
5377
2708
0
0
0
2725
2735
2728
0
0
0
0
2803
5861
3029
2857
5782
2794
8520
2827
3119
11595
3053
2892
0
0
2905
8844
5909
2988
2972
3028
3101
2989
2975
5993
6210
3179
0
3079
0
3237
0
0
0
6406
0
3147
3150
3129
3149
0
3247
0
9963
0
3253
0
0
3289
3325
0
0
3292
0
10338
10335
10132
6783
3401
10467
6734
6872
3474
7118
3765
0
3616
0
0
10869
0
7149
7276
3601
3547
7212
3741
0
3628
3652
0
7335
3638
7841
3855
14771
7458
0
0
0
3763
0
0
0
7852
0
4111
11700
11743
3827
3866
0
7922
0
11856
12104
7985
0
0
4355
0
0
3983
12449
4072
4067
0
4184
4101
0
4157
0
0
4270
12987
8400
0
0
0
0
4391
8940
4311
0
4301
8738
0
9008
4312
4588
4646
0
0
4449
13186
0
0
8912
13746
0
0
0
9224
0
4525
4838
4663
4564
0
0
0
4847
4752
9422
9275
9480
9370
0
9471
0
4993
0
9659
9712
4927
5055
4881
4853
4842
4866
5127
0
0
0
4887
15173
0
5074
0
5391
10058
5029
0
5288
5291
5131
5346
0
5042
5111
5094
5169
5118
0
5484
0
5253
5262
5180
11211
10911
0
5589
5356
5356
0
0
0
0
10892
5388
5591
5479
0
11369
16799
11368
5597
5499
5785
0
5671
5543
0
5602
5645
11342
11517
0
11322
5833
5873
0
11439
6150
5765
0
0
23495
5741
5896
0
5892
11764
6100
0
0
0
5979
12001
12024
0
0
6077
11972
0
18906
12029
0
6210
6163
0
18572
0
31578
0
6255
0
0
6232
18893
6408
6682
12797
0
6356
6364
0
6561
0
0
12912
19629
13094
0
0
13112
0
0
13475
6545
13161
6554
0
0
0
0
27386
6742
0
0
6822
6787
0
6802
6770
0
0
0
0
6870
7269
14498
7050
0
0
7038
14388
0
0
7110
0
0
35885
14349
7557
0
7162
14393
0
7261
0
0
0
7271
0
0
0
7250
0
0
14935
15449
0
0
22590
30278
0
15003
0
0
0
15640
0
0
7645
0
8073
7680
0
15813
0
0
15925
7707
8273
7819
0
15666
0
9726
0
7959
0
0
7955
0
0
8511
0
16227
8180
8038
8150
8570
8778
0
8217
0
0
16473
8240
0
0
8413
0
8266
25252
0
8763
17238
16881
8417
8681
17035
0
0
9125
0
0
0
17196
0
0
0
8699
0
8717
17468
17575
9203
8837
0
0
0
9313
0
0
8946
9401
8915
0
0
0
0
17934
9019
0
0
0
0
0
0
0
0
0
0
0
0
0
0
0
0
0
0
0
0
0
0
0
0
0
0
0
0
0
0
0
0
0
0
0
0
0
0
0
0
0
0
0
0
0
0
0
0
0
0
0
0
0
0
0
0
0
0
0
0
0
0
0
0
0
0
0
0
0
0
0
0
0
0
0
0
0
0
0
0
0
0
0
0
0
0
0
0
0
0
0
0
0
0
0
0
0
0
0
0
0
0
0
0
0
0
0
0
0
0
0
0
0
0
0
0
0
0
0
0
0
0
0
0
0
0
0
0
0
0
0
0
0
0
0
0
0
0
0
0
0
0
0
0
0
0
0
0
0
0
0
0
0
0
0
0
0
0
0
0
0
0
0
0
0
0
0
0
0
0
0
0
0
0
0
0
0
0
0
0
0
0
0
0
0
0
0
0
0
0
0
0
0
0
0
0
0
0
0
0
0
0
0
0
0
0
0
0
0
0
0
0
0
0
0
0
0
0
0
0
0
0
0
0
0
0
0
0
0
0
0
0
0
0
0
0
0
0
0
0
0
0
0
0
0
0
0
0
0
0
0
0
0
0
0
0
0
0
0
0
0
0
0
0
0
0
0
0
0
0
0
0
0
0
0
0
0
0
0
0
0
0
0
0
0
0
0
0
0
0
0
0
0
0
0
0
0
0
0
0
0
0
0
0
0
0
0
0
0
0
0
0
0
0
0
0
0
0
0
0
0
0
0
0
0
0
0
0
0
0
0
0
0
0
0
0
0
0
0
0
0
0
0
0
0
0
0
0
0
0
0
0
0
0
0
0
0
0
0
0
0
0
0
0
0
0
0
0
0
0
0
0
0
0
0
0
0
0
0
0
0
0
0
0
0
0
0
0
0
0
0
0
0
0
0
0
0
0
0
0
0
0
0
0
0
0
0
0
0
0
0
0
0
0
0
0
0
0
0
0
0
0
0
0
0
0
0
0
0
0
0
0
0
0
0
0
0
0
0
0
0
0
0
0
0
0
0
0
0
0
0
0
0
0
0
0
0
0
0
0
0
0
0
0
0
0
0
0
0
0
0
0
0
0
0
0
0
0
0
0
0
0
0
0
0
0
0
0
0
0
0
0
0
0
0
0
0
0
0
0
