0
0
0
0
0
0
0
0
0
0
0
0
0
0
0
0
0
0
0
0
0
0
0
0
0
0
0
0
0
0
0
0
0
0
0
0
0
0
0
0
0
0
0
0
22
0
0
0
0
28
0
0
60
30
101
33
0
40
35
80
0
38
83
0
131
96
142
96
48
100
101
156
272
112
333
116
425
126
565
64
198
520
198
418
288
291
150
78
158
162
79
79
167
423
345
171
90
102
192
0
195
688
307
417
319
212
540
0
331
238
473
474
249
251
628
630
404
271
808
408
692
146
426
583
448
1078
501
323
917
488
794
800
649
880
1027
864
1239
535
1074
550
1130
1346
1132
1157
595
1038
624
399
636
635
1313
420
1540
431
1118
224
1122
671
1621
1194
1220
0
487
509
1278
1783
1787
1032
1042
261
1378
824
2174
2466
1100
1717
2274
2056
1750
1190
1455
3353
2156
3384
1860
1843
947
1934
2240
3220
1986
3046
3082
1391
3803
2767
3870
4946
2134
3652
4058
1511
4850
2617
4094
5060
5042
4250
2760
5214
5160
3703
4082
4535
6633
7642
5940
5118
9379
7859
7429
7583
9412
8131
6863
4131
8712
6504
4174
8004
7690
10204
11121
15174
10982
11169
6436
8606
7684
10653
10884
6370
8008
9224
13919
14222
15326
10473
10602
9017
14596
8469
10349
9207
11694
11665
8367
10760
13108
9599
15316
12177
16033
18549
13598
11343
11423
10863
14228
7730
11760
13131
16386
18146
13542
12875
18699
15982
9672
17998
9740
16708
11912
17200
10048
16045
17511
17681
18672
17170
11989
16522
26566
28407
14691
15514
21131
20559
13303
11933
16031
16152
26108
26103
18137
18126
19363
28553
16330
24071
25742
20702
19022
27220
33486
18474
20501
21456
28750
21944
29054
28339
31836
28857
33395
23397
34205
35215
34580
28824
42455
35890
26482
36682
25917
37549
40281
33181
43751
27671
45805
30884
47721
31419
37038
35177
33900
40617
44900
34473
28502
41691
38723
38245
51484
44481
49777
52995
48990
45791
57235
36967
53368
45484
59022
48164
56951
45200
42089
62520
58012
68155
47848
38561
58339
59637
53655
72189
60930
69437
61215
42594
62167
57324
62426
44258
60791
68848
59841
77790
58966
66507
57223
51863
56331
66113
53956
40193
67593
60382
65034
59729
84207
64420
77289
75144
67178
66759
80820
69206
83412
76064
70638
91674
72421
83182
82826
58323
81552
75665
63565
82868
80195
84417
96385
100510
115339
83688
99741
67790
84341
110558
103018
110267
130833
115263
119141
94768
109038
93673
130862
133138
113445
118922
119173
123322
118122
133967
142894
136747
148151
139341
165394
142369
168654
158027
182104
174614
165720
154373
157616
168712
171455
174570
193439
148691
174356
153337
137469
160193
178612
163572
193513
144969
147913
168166
141249
161431
152170
155353
131385
166751
148719
165909
163935
157003
151914
140406
177672
153173
130454
137297
161501
144831
141463
138647
176892
143621
130434
139126
151398
127605
137105
94773
93347
115906
103363
114680
100034
138373
107070
127791
133377
126539
121849
114037
114435
107951
108728
111209
130215
90291
102411
117883
98209
100804
108854
104380
120407
82307
127838
118542
94000
129048
132919
137237
139944
113387
125920
93296
156019
125134
123546
128554
95627
122244
130094
133336
79047
91743
92329
86828
90472
102361
90944
126702
108044
121180
95320
111446
95822
90142
94030
106044
85701
89152
89792
89732
90750
88282
107883
100146
111548
85056
77584
95258
78634
96634
90441
81807
81799
97396
96977
91489
74065
71325
58047
93405
75802
75475
84225
84973
76736
76913
79971
95368
89500
83707
71208
84779
75115
83083
69116
89001
85350
73017
45456
70625
83628
81078
84001
82018
65409
105361
75184
81708
49164
83079
40136
66286
74827
77354
74343
101382
44571
92236
85144
77723
54778
71613
79567
83106
77175
48976
66635
59099
91708
74262
92047
71041
70613
50462
75212
78816
69288
61132
72915
51205
69546
80942
65665
47788
70390
52185
101206
86289
41570
67591
67806
76465
64051
57235
72312
37938
88336
46406
73021
62122
66156
66272
43561
62887
62784
51169
56057
51137
50893
67233
79653
47669
51927
80621
56322
72743
110330
73860
65336
49658
77824
74272
70278
78110
70733
75704
74937
45771
55406
72065
63884
51746
61687
38360
72568
51704
60895
73164
43253
46939
61079
66269
65201
84246
52810
57290
61978
53719
66597
57742
88863
80551
45060
90406
45210
62713
90868
40802
59260
63814
27555
65559
51046
51545
65224
65214
59801
79045
47284
74889
65768
58335
56603
66110
42491
57124
62490
67079
44004
72851
59150
87635
59352
67484
48928
48943
58907
69971
64876
69003
39551
49415
30400
39826
69938
41008
60615
85831
76332
67319
30967
71407
41405
61750
67312
67494
73434
78517
51555
67823
62360
67538
52193
63177
32340
37377
48469
68592
70209
59505
65899
58993
27207
58827
65647
59556
49347
38651
60610
27088
49898
55327
61358
89482
33205
66470
78202
27785
61616
56767
56540
34230
51363
23142
46069
22905
40404
68287
28364
46300
52292
64292
40516
52711
41066
29972
34800
41404
35261
65172
29412
35375
23679
47483
41568
18300
57091
47602
30647
54251
23875
36814
18075
30300
42523
36975
68286
73770
12532
31307
86638
37779
43601
31353
32185
38185
57539
44440
50198
19297
57718
38816
51659
44493
12698
38780
64189
25611
52068
45739
32895
26238
13423
33025
45934
12966
32795
59656
53578
80547
13167
65976
67250
40108
82226
40196
26953
27176
68265
26841
88443
13594
41306
27518
61612
20350
48312
62065
27569
49062
83353
34505
13769
69643
84149
63218
35417
49766
35239
71045
21368
28794
43481
58679
64413
21270
36030
71557
35679
57889
73110
44002
44869
52384
88070
66438
44639
97014
52139
89992
82099
74528
29663
52282
44773
45652
37564
59977
53389
46203
44940
68520
53513
45522
61038
31466
46485
61720
38231
54177
46958
23280
23806
54192
69897
7944
15542
23371
39155
64979
55522
7789
23995
16332
31583
31546
24150
31935
7871
31974
48889
56080
56452
40941
16286
32635
8167
48862
32910
24338
16273
41281
16591
66152
50122
42948
16667
25037
25012
25296
50110
51390
16628
25549
33530
25181
25714
17550
34246
33806
16975
8467
51930
51950
25630
17394
17143
43839
43966
28365
25887
34477
0
8696
62425
44861
35158
8714
9228
62084
26660
35902
20162
26735
8896
18291
53394
17827
18360
36940
73509
36111
18080
9034
9037
27337
27235
19105
45787
55132
55510
56833
46319
9425
56278
28424
37336
18895
27954
20180
37331
19435
27905
10589
18866
10261
38347
18939
9462
9607
38297
0
28568
10121
19504
28739
9543
19327
19266
67629
9652
9845
10522
70799
19556
19719
19594
0
0
0
0
29813
50235
10343
29889
19906
9965
0
10098
40199
31017
0
20346
0
0
20382
20270
30537
0
10237
0
10269
31034
20690
21536
0
21188
0
0
10383
11255
21464
21204
10754
42098
31911
21981
10631
21940
10543
10603
0
22092
10699
34690
10731
33373
21902
10721
21590
21770
34017
11739
0
44444
11044
22501
0
0
0
0
11377
11104
33082
11045
33233
11149
11112
0
33679
11358
12072
33739
0
13356
33948
11702
11627
23284
0
0
0
11534
0
23115
12154
22963
11561
0
11662
0
35960
0
47322
35661
11643
11693
11681
11758
0
11835
12483
11817
23854
0
23824
25358
23855
0
12709
0
0
12270
0
0
0
12053
48735
0
0
0
12323
36778
0
0
24694
0
0
0
0
12370
12406
24795
0
0
12608
0
12425
0
12733
12662
13794
25245
0
25601
0
0
25632
12736
0
0
26408
12801
0
0
12993
0
0
40650
0
0
13016
0
13137
26131
13096
13084
0
0
0
13279
0
13320
0
0
13382
13512
40903
13549
26791
40252
0
14239
0
13516
13872
0
0
27703
0
0
13887
0
0
14130
14797
13718
13868
28651
0
0
0
0
0
14429
29959
0
13997
14277
42586
0
0
43266
43071
28278
14229
0
0
14338
0
43739
28625
0
0
15154
0
0
43812
30003
14481
0
29415
0
0
0
14539
0
0
0
0
0
0
14735
0
0
0
14801
0
14815
0
15335
0
0
0
0
15836
0
0
0
0
0
0
0
0
0
0
0
0
0
0
0
0
0
0
0
0
0
16159
0
0
0
0
0
0
0
0
0
0
0
15795
0
15807
0
16034
0
0
33003
0
0
0
0
0
0
0
0
0
0
0
0
0
0
0
0
16353
0
0
0
0
0
35295
0
0
0
0
0
0
0
0
0
0
16697
0
0
0
0
0
0
0
0
0
0
0
0
0
0
0
0
0
0
0
0
0
0
0
0
0
0
0
0
17391
0
0
0
0
0
0
0
0
0
0
0
0
0
0
0
0
0
0
0
0
0
0
0
0
0
0
0
0
0
0
0
0
0
0
0
0
0
0
0
0
0
0
0
0
0
0
0
0
0
0
0
0
0
0
0
0
0
0
0
0
0
0
0
