1653379
1710897
1752017
1765134
1716303
1411514
1566094
1728577
1740547
1748852
1729046
1718611
1409445
1595328
1739630
1718881
1721279
1749540
1719487
1413701
1580174
1714845
1714605
1715906
1723691
1714588
1417112
1592533
1720579
1720721
1728365
1715947
1718864
1411226
1581815
1716504
1718744
1722966
1716392
1717017
1415492
1582051
1735025
1723828
1728423
1725973
1762337
1439117
1582148
1727128
1715309
1729343
1749320
1757816
1430690
1582636
1729915
1736955
1728812
1723548
1721418
1425505
1592300
1744887
1723559
1720098
1723250
1729471
1433311
1587931
1725043
1726054
1713874
1719043
1716432
1424170
1582917
1720066
1713614
1715818
1710049
1704556
1399366
1566314
1698773
1704001
1704940
1714101
1748501
1445207
1596753
1725526
1734559
1731259
1755789
1750437
1418295
1602023
1752660
1745841

