222499
224416
222223
287256
326080
221219
270611
132483
164957
143522
181844
122334
121265
140175
147887
170995
121092
121942
122531
125819
125709
123564
123351
123202
125761
123158
132232
128361
166203
135667
125079
123644
123957
123078
172332
122798
123433
122901
122971
122605
124116
122846
123526
123233
158371
123627
123412
122375
142582
120470
120291
121461
122736
121674
121903
123089
167638
121209
123055
124790
123132
133030
125329
125773
124201
124469
170891
122707
122874
123376
122428
124351
122594
123886
124740
122626
125003
124286
122676
124899
124277
124019
121888
124005
124604
128563
123445
171513
122057
131285
118056
121176
118179
121018
121361
120351
118208
164352
120859
145131

