573886
419273
451899
443356
412341
399357
343679
425960
443670
417403
434793
456630
362243
366364
422790
436328
436510
448430
443254
404723
408635
491815
505380
522499
529503
550128
510923
540816
633889
668253
714760
740544
819355
790314
853322
985542
1050841
1105407
1181138
1242044
1264671
1332511
1492342
1510628
1535433
1605704
1621014
1567215
1517701
1611694
1537784
1461610
1400335
1348670
1187457
1126381
1133657
1046070
961750
897960
819614
705505
653539
670435
632053
600914
576561
551246
470379
447793
495448
470957
470145
455508
458335
377374
376437
436402
432879
434086
425144
435263
354488
351899
412449
418993
413177
420297
433000
343978
345840
412880
405365
425388
410262
417710
341182
344992
402412
408806

