2449779
2354613
2426156
2495782
2454752
2032110
2180405
2287048
2349208
2309789
2345699
2297588
1892965
2101896
2310322
2326226
2278895
2319932
2285285
1944258
2114542
2330238
2343351
2361624
2378969
2387888
2060294
2261727
2520683
2524655
2568227
2580160
2662201
2324636
2607498
2824873
2893048
2951295
3020522
3081686
2804306
3037433
3350927
3357712
3422252
3455327
3506784
3128735
3242457
3459315
3373408
3312434
3272422
3228191
2740066
2832142
3031247
2904253
2813634
2746331
2664189
2264057
2371186
2541113
2479835
2445501
2470717
2403439
2026583
2159116
2342934
2321375
2306628
2298452
2299522
1924185
2084393
2280780
2269183
2274817
2259484
2263851
1875755
2042233
2235842
2251571
2241575
2305923
2303571
1920483
2060661
2259593
2258115
2277680
2287426
2288520
1877699
2111391
2275945
2299790

