1109198
1243372
1264034
1168483
1168592
639110
1083353
1169166
1170046
1263623
1292661
1169556
638538
1080251
1230187
1168145
1168381
1264055
1177772
639472
1079817
1281503
1171189
1258853
1282056
1265681
663501
1000185
1223664
1194827
1170873
1171964
1266297
694547
1002166
1216795
1319751
1175977
1175141
1176455
695605
1077359
1178576
1283797
1246465
1283855
1184494
650963
1010583
1282140
1185022
1184586
1185190
1227493
704590
1013163
1188329
1183957
1278992
1314277
1203728
647016
1182662
1274732
1176141
1177590
1225036
1213364
693504
1004478
1172724
1171875
1306105
1274993
1223539
640126
1054144
1301895
1171598
1217627
1168370
1263916
690289
1048494
1200757
1280106
1319025
1170053
1169726
638266
1082091
1172698
1184095
1200033
1264548
1289508
640321
999883
1197156
1171255

