230007
229588
231787
229683
229607
229407
231409
125729
126779
126454
131801
125774
126626
127480
129763
125158
126519
126444
173965
125066
125090
127659
125430
126609
124964
126793
124967
169630
125429
130561
127030
124755
126351
126255
124494
124889
126664
126085
124969
125125
126287
126313
124809
177394
126183
127207
125080
125800
124970
126723
126835
125046
125511
125138
126603
124955
165632
124967
126472
126825
125629
125183
127636
126121
124946
168419
125441
124606
126413
124982
169434
126578
130307
126382
124863
125212
125890
126053
138586
125115
125055
126432
126788
125176
124707
126798
129727
125858
126065
126375
127135
125107
125879
126494
126689
127490
168922
125113
125521
127508

