13727098
13239964
13099744
13457444
13630827
10827864
10970707
13078466
13290859
13097490
13275398
13536457
10934022
11051593
13604410
13534259
13164164
13234153
13430776
11187465
10617844
13470365
13824982
13546134
13073028
13341973
11380574
10918696
13107707
13767291
13759246
13632579
13228050
11361372
11475858
13515889
13455458
13950484
14219879
13969446
11158349
11555336
14414243
14043397
13897400
13811080
14450256
12114930
11632648
14003729
14422494
14483966
14447980
14095834
11944024
12421869
14608401
14357259
14356937
14125390
14502911
12234590
12132853
14183256
14431089
14509328
14266960
14419131
11780294
12289705
14500844
14163097
14187583
14053791
14242885
11802432
11431079
14029608
14327276
14143063
14136579
13764667
11601073
11782398
14072086
13874988
14080440
14247535
14282424
11400608
11499875
14230986
14193958
14032651
13777619
13968883
12022535
11404932
13712831
14312128

