15047982
15089950
14877470
14854641
15085603
12035611
12374320
14767452
14796193
14887210
15039313
14777790
11913148
12253304
14795189
14727936
14729205
14758516
14778125
11766252
12227683
15116550
14770367
14811196
14706886
15002115
11865308
12346909
14800383
14800328
14912573
15479189
15024244
11930691
12428475
15076263
15041748
14923202
15002095
15185378
12077552
12454878
15664146
15311796
15459847
15338585
15607611
12482807
13144602
15452887
15408725
15668170
15628176
15427211
13021869
13115848
15745482
15411429
15525254
15627922
15513488
12679358
12871406
15652044
15726736
15608383
15433434
15229962
12540348
12943620
15484134
15132857
15448310
15559836
15467701
12331265
12612959
15374601
15318241
15390963
15079945
15397997
12379704
12942543
15607814
15239056
15400542
15319501
15393906
12192319
12843779
15360937
15501766
15602680
15438744
15376315
12509468
12867102
15151985
15403110

