1016579
1079794
1081562
1081418
1082771
622340
957558
1079449
1080720
1112351
1167452
1082527
620922
1000632
1081853
1081799
1094396
1167706
1132720
604211
959702
1082220
1161715
1086104
1081111
1127834
594249
991572
1136204
1093755
1180587
1144554
1084422
598173
960611
1151961
1104195
1088681
1174197
1097217
650755
1009485
1094109
1152331
1159145
1094331
1107019
604896
971142
1098834
1098265
1099308
1106127
1098331
639125
985154
1097508
1207232
1209112
1093552
1094895
603718
972706
1089821
1089182
1093440
1089010
1172976
598460
1038289
1171500
1083842
1083495
1093873
1145733
638775
1038458
1208955
1169036
1085063
1084001
1127846
637949
1036040
1180643
1168219
1128189
1086196
1151808
623569
1034299
1172198
1146578
1141652
1117647
1087139
648178
1037220
1115970
1144854

