249545
248195
247999
248736
248459
247427
246971
135521
137437
137284
138289
136998
136544
137501
135366
136307
137603
135914
138643
136686
135864
138337
137465
136669
137185
136024
136074
136141
135587
136335
136037
137417
136886
136159
137075
137162
136535
135980
137362
136639
140377
135567
135750
137228
136011
135831
135911
137859
135877
135636
136391
137626
136358
137482
136452
135749
135372
136164
136311
185301
210323
135618
135469
135715
218777
135515
135787
135695
135568
142115
135018
138298
135922
136293
136159
136041
135164
135483
135751
136026
138917
136231
136057
135682
135987
136267
135848
138441
149760
138055
204890
215138
207470
137261
137768
137435
136678
136677
135055
138509

