61765509
60905054
60923647
61398186
62336205
56957338
56789982
62190012
62818957
62564869
62168849
62347256
57448270
56661563
61879186
62475353
61684008
61815858
62924831
55640337
54698903
60863381
60263334
60547577
60593969
61595123
56450643
56235688
62396707
61670331
61363047
61421092
61391093
55855117
56018162
60509699
60939889
62048840
61510049
62224794
56623966
55509753
60939092
62174430
61858782
61290790
61221737
56618085
55349897
61620071
60829792
60823089
61236262
61394474
55608586
56147409
61594162
61954258
61540351
61427888
61653277
55867460
56052433
61604114
61571164
61701535
61845670
62490004
56128458
56975139
62445094
62838442
62472644
62136582
62213924
56946632
56862275
62247918
62657265
62301075
63500796
62531780
57282564
56824154
62601708
62659769
64107343
63501963
63199072
56845850
56516767
62940452
62806248
61749415
62248536
61215114
57320664
57402080
62368217
62608963

