63017060
62219854
62240018
62714805
63653915
57815370
57980915
63397201
64029251
63853933
63467409
63555045
58193839
57784999
63080136
63675926
62895432
63100369
64171657
56358069
55769345
62056757
61533934
61740010
61779703
62831625
57146714
57328353
63632421
62863691
62644554
62666596
62575547
56553095
57078195
61761626
62144829
63237831
62786703
63422860
57377890
56621167
62134028
63430635
63121152
62486570
62430414
57325640
56422083
62819998
62030075
62023741
62443711
62593581
56350121
57232577
62791779
63263729
62854798
62622493
62848008
56570848
57124640
62793926
62759273
62893751
63033998
63763472
56825732
58113966
63717077
64020409
63654115
63328744
63459694
57685695
58000787
63556964
63926416
63484349
64682619
63757511
58020719
57960315
63887509
63927978
65335315
64687219
64453448
57569213
57652657
64214041
64055528
62991042
63467449
62400416
58069203
58541412
63583944
63855990

