0
243
868
2418
3682
5333
8406
15953
28653
63449
2298
2507
3131
3770
4127
4503
5545
5966
6314
7252
1570
1552
1758
2203
2096
2200
2472
2168
2586
2932
2992
3215
3326
3454
3344
3875
4218
4498
4036
4240
4141
4544
4474
5383
5184
5359
4976
5696
5776
5990
444
357
371
387
369
433
460
439
549
388
657
400
600
303
606
691
623
726
736
926
956
636
758
642
903
585
806
1020
945
758
702
927
974
828
1155
901
687
1257
941
872
1168
1431
1403
1009
1141
1248
984
1009
1054
1399
1337
1079
990
1134
919
1034
1068
1592
891
715
2017
1854
1521
1655
2084
1548
1842
1694
1685
2397
1768
2381
1669
1834
1657
1493
2903
1838
2125
1838
1973
1718
2739
1872
1681
2539
2325
1271
1406
1807
2266
2399
1886
2331
1970
2361
2327
2552
2605
2779
2238
2571
3242
2335
3017
2614
3725
3425
2936
2575
1945
1960
1735
2677
2422
3582
4087
2950
2998
2823
2805
3166
2986
4525
3965
2317
4068
3631
4277
3428
4423
2759
3816
4176
2870
3447
2993
2612
3944
3902
4475
2770
4182
4831
3383
3759
3795
5163
5052
4130
2815
4057
4024
4640
4080
3531
4560
3401
3227
5581
4382
4665
2626
3532
5379
4994
4574
6222
4691
5663
6405
4313
4118
6698
3929
4944
6283
5593
5066
5069
5964
4200
5444
4746
4489
5653
6529
6351
1663
6129
3642
5381
5089
5416
4341
5253
5902
6814
6247
4250
298
0
1256
304
312
0
0
664
0
314
1308
655
679
335
330
0
0
691
338
376
1058
708
722
1063
369
1446
363
1108
0
1117
778
0
387
412
0
771
0
0
397
396
395
400
1602
403
407
820
862
859
887
427
1282
427
429
0
1806
1371
0
439
0
448
471
481
453
462
0
0
940
948
480
0
0
1022
1466
485
990
0
498
1558
506
513
1552
1599
1031
520
1564
1081
0
530
1654
1115
3255
1112
542
549
595
1113
1120
566
592
566
0
588
1155
1778
630
0
1797
1188
1197
604
1821
0
608
0
1854
626
0
627
662
2537
2568
1353
647
679
1312
2016
0
694
1340
0
673
1387
0
0
680
693
705
0
1394
0
707
0
0
2920
0
1448
726
760
1523
2261
0
0
0
0
1531
0
3097
778
801
1625
1561
783
1627
790
1703
0
1609
1677
3315
0
823
0
3335
0
1673
0
832
847
842
2559
1774
1719
863
1805
872
2668
0
0
2686
2735
921
0
0
1830
0
908
0
977
921
963
961
3756
1893
2881
0
0
960
1950
0
3980
0
0
3948
989
993
995
2006
1008
0
0
1021
2047
0
4160
3146
1090
1055
0
0
0
1068
0
2142
0
1107
0
1082
1098
2223
1106
0
1118
0
1177
1127
1132
0
1140
0
1207
2305
1150
0
0
0
2435
0
4759
0
2456
1200
0
2436
1269
4939
1218
2451
0
0
1245
0
0
2515
0
2590
0
0
2591
3988
1294
0
2739
1303
2648
2639
2637
1408
1407
0
2702
1365
4100
0
2713
1432
0
0
0
1410
1512
1405
0
0
0
0
1414
2829
1499
1437
3009
1441
4528
1444
1458
5966
1466
1487
0
0
1503
4555
2990
1514
1499
1514
1519
1518
1536
3070
3149
1537
0
1553
0
1645
0
0
0
3215
0
1616
1652
1662
1613
0
1620
0
4940
0
1639
0
0
1656
1669
0
0
1734
0
5089
5213
5251
3503
1722
5335
3471
3557
1740
3585
1748
0
1778
0
0
5388
0
3588
3693
1822
1804
3616
1814
0
1864
1842
0
3706
1843
3734
1862
7585
3743
0
0
0
1889
0
0
0
3967
0
1929
5820
5976
1948
2115
0
4020
0
6036
5964
4083
0
0
2003
0
0
2023
6308
2033
2047
0
2049
2057
0
2075
0
0
2313
6396
4315
0
0
0
0
2158
4392
2267
0
2157
4418
0
4353
2196
2186
2194
0
0
2222
6821
0
0
4501
6837
0
0
0
4567
0
2299
2292
2465
2302
0
0
0
2453
2466
4730
4857
4702
4890
0
4940
0
2504
0
4990
4798
2601
2423
2425
2426
2524
2575
2434
0
0
0
2610
7452
0
2500
0
2543
5072
2625
0
2669
2546
2556
2556
0
2578
2578
2644
2615
2709
0
2604
0
2620
2767
2636
5316
5450
0
2668
2864
2697
0
0
0
0
5444
2745
2855
2733
0
5503
8811
5566
2786
2776
2948
0
2842
2871
0
2815
2832
5672
5822
0
5939
2963
2934
0
5925
2881
2898
0
0
11826
2979
2943
0
2934
6267
2957
0
0
0
3111
6166
6052
0
0
3021
6310
0
9392
6489
0
5439
3090
0
9306
0
15721
0
3120
0
0
3157
9701
3173
3168
6706
0
3223
3414
0
3199
0
0
6527
9812
6721
0
0
6739
0
0
6613
3375
6757
3336
0
0
0
0
13609
3399
0
0
3547
3442
0
3392
3426
0
0
0
0
3530
3579
7245
3518
0
0
3509
7101
0
0
3543
0
0
18096
7447
3584
0
3671
7481
0
3623
0
0
0
3649
0
0
0
3687
0
0
7651
7528
0
0
11318
15202
0
7680
0
0
0
7669
0
0
3836
0
3888
4049
0
7883
0
0
7866
3940
3918
3923
0
7921
0
3999
0
4044
0
0
4001
0
0
4037
0
8161
4090
4150
4116
4086
4105
0
4093
0
0
8385
4174
0
0
4195
0
4175
13072
0
4314
8656
8530
4283
4273
8637
0
0
4279
0
0
0
8727
0
0
0
4569
0
4379
9006
9752
4397
4415
0
0
0
4527
0
0
4593
4690
4522
0
0
0
0
9077
4585
0
0
0
0
0
0
0
0
0
0
0
0
0
0
0
0
0
0
0
0
0
0
0
0
0
0
0
0
0
0
0
0
0
0
0
0
0
0
0
0
0
0
0
0
0
0
0
0
0
0
0
0
0
0
0
0
0
0
0
0
0
0
0
0
0
0
0
0
0
0
0
0
0
0
0
0
0
0
0
0
0
0
0
0
0
0
0
0
0
0
0
0
0
0
0
0
0
0
0
0
0
0
0
0
0
0
0
0
0
0
0
0
0
0
0
0
0
0
0
0
0
0
0
0
0
0
0
0
0
0
0
0
0
0
0
0
0
0
0
0
0
0
0
0
0
0
0
0
0
0
0
0
0
0
0
0
0
0
0
0
0
0
0
0
0
0
0
0
0
0
0
0
0
0
0
0
0
0
0
0
0
0
0
0
0
0
0
0
0
0
0
0
0
0
0
0
0
0
0
0
0
0
0
0
0
0
0
0
0
0
0
0
0
0
0
0
0
0
0
0
0
0
0
0
0
0
0
0
0
0
0
0
0
0
0
0
0
0
0
0
0
0
0
0
0
0
0
0
0
0
0
0
0
0
0
0
0
0
0
0
0
0
0
0
0
0
0
0
0
0
0
0
0
0
0
0
0
0
0
0
0
0
0
0
0
0
0
0
0
0
0
0
0
0
0
0
0
0
0
0
0
0
0
0
0
0
0
0
0
0
0
0
0
0
0
0
0
0
0
0
0
0
0
0
0
0
0
0
0
0
0
0
0
0
0
0
0
0
0
0
0
0
0
0
0
0
0
0
0
0
0
0
0
0
0
0
0
0
0
0
0
0
0
0
0
0
0
0
0
0
0
0
0
0
0
0
0
0
0
0
0
0
0
0
0
0
0
0
0
0
0
0
0
0
0
0
0
0
0
0
0
0
0
0
0
0
0
0
0
0
0
0
0
0
0
0
0
0
0
0
0
0
0
0
0
0
0
0
0
0
0
0
0
0
0
0
0
0
0
0
0
0
0
0
0
0
0
0
0
0
0
0
0
0
0
0
0
0
0
0
0
0
0
0
0
0
0
0
0
0
0
0
0
0
0
0
0
0
0
0
0
0
0
0
0
0
0
0
0
0
0
0
0
0
0
0
0
0
0
0
