0
0
0
0
0
0
0
0
0
0
0
0
0
0
0
0
0
0
0
0
0
0
0
0
0
0
0
0
0
0
0
0
0
0
0
0
0
0
0
0
0
0
0
0
0
0
0
0
0
0
0
17
0
20
0
0
21
22
43
0
0
0
70
25
28
25
106
56
57
140
89
88
125
63
96
33
98
104
107
71
185
222
269
161
162
164
82
129
43
178
184
92
95
192
247
148
50
109
103
162
216
0
0
171
174
300
240
123
123
255
522
194
334
477
134
137
0
284
360
219
72
452
468
230
156
321
81
494
335
254
264
795
354
723
358
569
663
294
486
385
599
611
906
203
305
761
642
316
327
680
221
121
677
347
360
481
0
984
745
250
635
508
792
649
779
524
817
401
270
576
426
1124
446
1063
1178
740
623
1368
495
1077
1246
2201
862
647
1283
1472
329
1014
1017
1544
1205
1402
1045
1233
2323
1989
1260
1677
2092
1867
1556
1138
3122
2340
1984
3353
1406
1811
2249
1879
3403
2747
3389
2562
3648
3263
4579
3316
3578
4043
3893
4138
3017
2334
3751
3533
4808
2416
3390
4975
6218
3726
4530
3309
5325
3857
3895
5260
7108
6689
3726
4840
6535
4127
4920
5013
4523
5071
5666
5153
5493
5240
3790
5291
6828
5670
8171
5480
6745
3687
6495
8428
5959
4750
9962
7721
6862
6486
4618
9284
6017
3331
5743
6820
7568
8336
8674
7072
9940
9581
6438
9099
9089
6602
9246
8139
5579
6353
8323
6881
9131
7308
8990
8960
12104
12282
8832
12428
10083
7763
8561
6173
8239
11289
8789
9353
13177
13132
8538
15142
13449
6944
11554
13223
11166
16235
15234
12207
13122
15898
13818
13347
16041
11678
15514
11985
20955
15875
12170
12175
18509
12946
14942
19457
17487
14739
24902
18288
11741
15879
17643
22010
15138
21043
21265
23030
11751
21051
17285
16327
22875
17520
24513
18415
25931
19695
16983
19237
17742
25812
26538
26778
26237
20610
26037
23851
21984
26268
18628
37793
32307
23353
26326
23556
38442
28070
27085
25071
27277
35573
28993
32856
32349
43506
32042
25077
35140
30810
37144
30076
28432
41194
35459
39007
26181
38923
40102
24482
30922
34580
47073
32061
26541
25124
31236
33445
27616
36701
30969
44163
36429
33528
45048
33785
40137
35013
25822
33004
29485
37257
48768
35288
30511
46520
60874
39092
44981
42342
44217
45066
52025
50115
39524
58660
50436
46648
63567
51186
60446
52315
46975
64793
62646
66400
66737
64465
63797
61436
76608
68117
73646
81258
70071
62894
86123
84831
78423
65907
76215
83048
86472
70775
100432
92501
90509
98920
100453
82752
96119
84615
82034
84605
71746
89985
83626
96511
78971
60066
79824
98603
88521
80518
87034
93780
74606
90210
66263
80038
63196
71171
66252
68319
66245
74525
58465
73502
64408
82631
63817
66572
63346
66889
58214
70609
44108
45569
57932
64049
56138
61786
62192
53555
67389
48167
53030
51890
61490
55929
49304
50345
47217
46174
51025
60472
47691
69631
63367
63714
50914
49783
58236
54892
60120
54294
50737
57926
60913
52601
59123
62929
63407
55501
45570
47566
42337
54372
39823
52020
66199
57464
73516
59268
40778
43936
51793
54646
47151
48322
63084
70100
55485
57661
53359
46363
58102
52354
37573
47126
43393
56421
32089
42371
36720
39992
32671
59169
37163
40444
44979
39118
39286
46795
45184
43978
35374
41569
34124
31244
40355
43769
39299
32989
36367
53054
50432
44316
48088
39930
42938
46380
40488
43633
42280
39109
48605
47588
41215
30546
41513
31913
33683
32028
32171
48293
48575
37597
45432
33098
39519
36271
36295
34683
28184
35116
31985
35357
50160
35404
34120
50885
27208
43225
41181
32590
27625
48831
33164
27777
29822
57910
40294
38580
33775
28616
23115
16152
21612
26997
35965
30972
27427
31095
27316
27319
47766
31526
25836
29507
25822
39125
28352
39693
35737
36120
32376
30381
30165
49773
51844
30784
38527
23176
32710
44349
27234
27338
25571
25280
27302
23801
17970
39921
46046
22029
27921
34233
28001
24510
16246
26484
34491
24542
24612
24637
31042
30955
35085
33375
29536
39557
29620
16808
25335
36147
46773
33983
34452
17188
17141
36797
30061
28341
36761
41293
28390
17502
39325
26728
24132
22043
13316
37563
20042
28914
31292
24498
27290
24794
33726
31638
25010
32025
18196
13778
32601
25206
43792
34459
46793
37084
14116
30700
28280
26152
23793
28221
28836
33097
33423
23846
42688
40805
41280
28844
43892
43552
19675
36443
36482
43953
34375
19910
32007
39719
27381
37429
37212
22322
35308
37324
45543
25174
40411
31176
27768
33109
35863
28391
28479
15525
30929
31040
41540
20770
28794
29378
18267
7968
15839
15866
23922
32050
18493
40140
34818
34980
8034
13611
26732
16325
24414
54566
13576
24554
30192
5588
13736
36028
19270
27872
17031
31019
13896
8434
11312
14002
39279
19843
19817
34272
20141
11409
25681
8540
20343
28556
17251
26345
17273
29234
28994
35142
14774
20721
5827
17582
29818
17718
21010
11845
18217
20857
18125
45213
3084
15240
15168
9212
18240
9198
9227
15360
15474
30796
18319
34087
27712
12306
40652
15696
25203
12413
25249
28411
12479
12688
25414
25361
19355
22350
25786
38476
22643
6405
6665
9720
19380
29515
26004
29256
22983
19583
46195
29715
26457
26309
26542
6617
23585
30058
20197
23625
27249
13507
17561
30638
47536
17002
27281
37871
27410
13702
22325
24077
10335
17300
20658
34587
55579
39056
21134
13925
21193
35050
14268
25101
14037
18118
24707
35601
10725
24989
25077
28476
21561
21449
25309
21798
21604
10861
18077
14622
11003
25649
33516
33640
18709
25999
25827
11060
26072
26386
37701
18707
26018
11652
11514
22912
15350
22748
26409
26826
11440
11523
15251
0
15630
11681
19234
27380
7730
30925
23440
19548
23537
7763
8001
11699
19904
24130
7844
8078
28312
24246
20192
24035
8057
19887
4032
24338
12420
8200
12320
16206
20524
24533
4155
24670
16514
16559
12343
16434
16565
12483
25288
25216
29173
20782
29080
4159
21063
13133
21200
21440
0
12782
25554
25968
4219
12991
21855
17031
8747
21342
17311
13129
13103
12916
8669
8659
4322
26634
22229
17537
26325
9204
8847
13937
13561
31075
22262
0
8848
9074
8954
22468
9142
9039
27109
9132
13478
22574
18098
4525
4998
9280
27346
4572
9135
9191
4586
0
9234
4746
14103
4874
9269
14267
18686
32707
4762
9379
23869
14405
14149
9612
18891
14224
9519
9569
9736
0
5296
9578
24606
19665
14423
4821
4839
4855
9683
14610
14934
10048
9791
24719
4899
4906
4903
9952
5053
0
10177
5156
0
0
4982
10269
10012
0
5015
10210
0
0
5054
5096
0
10324
0
5126
15721
10350
0
15508
5142
0
15823
15914
15594
10791
5201
0
15667
5231
10499
5240
0
5276
5342
0
0
10877
10693
27321
10825
0
0
5358
10861
0
5394
10817
0
5410
7411
5434
11008
5598
11245
0
0
5500
11250
5518
5677
0
5756
5542
11119
5653
28051
0
11316
5609
5624
0
5637
0
5649
0
23078
0
5690
11734
5707
0
5826
5762
23210
5781
6059
5794
17388
11684
5832
11988
6234
6170
5904
0
5897
0
5884
5984
0
12150
0
0
0
5958
6101
5971
6120
0
6021
6405
6053
12061
0
6068
18477
6068
6068
0
0
6191
6451
24681
0
0
6194
0
6397
0
0
0
18752
0
0
6292
0
0
6297
6562
6323
12653
6319
6327
6356
6353
0
0
0
0
6416
0
12884
0
6470
6459
6467
0
0
6489
13176
0
0
13407
0
13604
13210
0
19914
0
0
13439
6616
13293
6703
0
6669
0
6687
13406
26826
6772
0
0
0
13958
0
0
0
0
0
0
7003
0
13714
0
6887
6883
6893
0
0
6928
6941
0
0
0
6989
0
0
7166
0
0
7079
0
0
0
7091
0
0
7124
0
7256
7189
7163
0
0
0
7314
0
0
7251
0
21947
0
0
0
0
0
0
22554
14785
0
7497
0
0
0
7426
0
0
0
7630
0
0
0
0
0
7666
0
0
0
0
0
0
0
0
0
0
0
7757
0
0
0
0
0
0
0
0
0
0
0
0
0
0
0
0
0
0
16018
0
0
0
0
0
0
0
8442
0
0
0
8051
0
0
0
0
0
0
0
0
0
0
0
0
0
0
0
0
8198
0
0
0
0
0
0
0
0
0
0
0
0
0
0
8359
0
0
0
0
0
8528
0
0
0
0
0
0
0
0
0
0
0
0
0
0
0
0
0
0
0
0
0
0
0
0
0
0
0
0
0
0
0
0
0
0
0
0
0
0
0
0
0
0
0
0
0
0
0
0
0
0
0
0
0
0
0
0
0
0
0
0
0
0
0
0
0
0
0
0
0
