0
0
0
0
0
0
0
0
0
0
0
0
0
0
0
0
0
0
0
0
0
0
0
0
0
0
0
0
0
0
0
0
0
0
0
0
0
0
0
0
0
0
0
0
17
0
0
0
0
20
0
0
41
19
67
22
0
25
25
49
0
26
54
0
90
60
90
65
33
65
65
107
176
74
217
71
268
80
358
42
126
342
132
266
182
186
96
50
98
94
48
53
112
270
218
118
56
60
117
0
130
444
196
259
196
128
329
0
215
136
282
294
154
151
377
380
249
156
474
251
405
94
253
346
274
665
274
183
548
291
494
486
392
516
610
521
734
303
648
336
667
786
682
683
339
596
348
230
357
375
768
251
894
254
640
128
661
394
950
689
708
0
280
290
724
1047
1050
604
606
158
779
476
1262
1430
639
961
1311
1176
1031
657
835
1878
1209
1908
1044
1095
555
1101
1296
1865
1129
1691
1717
752
2180
1575
2181
2916
1199
2038
2301
831
2736
1484
2342
2878
2821
2442
1571
2953
2942
2050
2297
2573
3823
4242
3301
2856
5429
4353
4213
4317
5275
4488
3862
2320
4926
3692
2398
4439
4242
5687
6216
8524
6115
6123
3605
4836
4296
6045
6143
3559
4406
5078
7849
7838
8590
5832
5878
4969
8075
4669
5745
5094
6497
6469
4603
5938
7384
5292
8513
6719
8828
10273
7622
6376
6385
6010
7954
4299
6406
7222
9106
9946
7406
7182
10259
8973
5297
9961
5398
9488
6634
9700
5552
8733
9658
9811
10303
9442
6571
9086
14636
15639
8082
8533
11659
11233
7410
6558
8789
8816
14465
14475
9981
10089
10547
15580
8920
13082
14114
11427
10493
14900
18439
10157
11269
11966
15934
11888
16030
15629
17330
15773
18633
12939
18781
19146
18879
15934
23239
19631
14451
20084
14058
20770
21857
18211
23825
15108
25412
16820
26277
17222
20130
19203
18455
22136
24600
18766
15375
22598
20937
20691
27754
24658
27139
28887
26224
24852
31492
20513
28981
24941
32053
26378
30948
24848
23003
34055
31651
37200
26086
20052
31919
32227
29110
38709
32935
38265
33491
22920
33649
31028
33880
24467
33442
37354
32590
41975
31999
35892
31076
27970
30718
35726
29249
22052
36803
32934
35539
32371
45856
34791
42454
41040
36242
36811
43644
37556
45205
41206
38392
49521
39706
45403
44652
31381
44059
41090
34307
45018
43332
46172
52494
54157
62648
45270
54141
36868
45655
59417
56070
59463
71102
62232
64756
51261
60100
50456
71241
72297
61691
64875
65124
67001
64674
72399
78058
74605
80853
75565
89765
77640
91891
85446
98458
95529
90314
83443
86745
91356
93412
95299
104949
80876
95089
84165
74144
87541
97297
89907
105433
80175
79708
91355
76856
88145
82603
84515
71365
90828
81314
89589
89414
84538
81680
75873
96466
84011
70199
75622
87303
79367
76679
74304
95659
77079
70042
75498
80978
69398
73408
51315
50287
62522
54313
61737
53248
74538
57349
69160
71445
67251
65495
60937
61322
57901
57816
59939
69816
48542
54582
63115
53014
54322
58815
56017
64355
44526
68719
63294
50201
69095
70867
73469
74787
60928
67593
50317
83084
66664
66915
69100
51076
65007
68664
71717
41717
49350
49353
45441
48326
54305
48705
67165
57972
65066
50525
59726
50326
48406
50139
56136
45787
47930
47393
47855
47808
46706
57198
53058
59675
45592
41372
50661
41862
51656
48059
43898
43440
51711
51444
48632
39792
37780
30012
48900
39677
40317
45288
45255
41160
40600
42878
50870
47811
44616
38335
45370
40201
43597
36673
46953
46080
39198
23810
37453
44583
43210
44874
43531
34885
55700
40990
43530
26157
43750
21226
35724
39436
41007
39592
53573
23397
48431
45233
41760
29234
38768
42212
44587
40442
25906
35008
31418
49257
39290
48807
37289
37435
26311
39451
42381
36284
32611
38356
27070
36642
42726
35339
25129
37649
27936
53452
45177
21631
35871
35553
39553
34218
29703
38297
22836
46724
24191
38955
32670
34976
35410
23013
33033
33090
26852
29207
27208
27728
35926
42030
25354
27755
42651
29749
39203
58485
38355
34539
26194
41153
39799
36587
41067
37362
39621
40017
24482
29070
37429
33420
26961
31602
20092
38627
27295
31902
38699
22785
25394
32074
34204
36589
43695
27864
30039
32976
27771
35430
30467
46952
42627
23682
47550
23785
32859
47932
22144
31172
33623
14856
33916
26667
26637
34260
34090
32291
41994
24541
39295
35008
29308
29966
35500
22632
30127
33497
35395
22759
38214
30335
46004
30911
35560
25712
25956
31491
36122
34261
36947
20827
26243
15722
20712
37065
20833
31591
45492
40059
34799
16229
37694
21717
32474
35164
34957
38537
41094
27700
35687
33444
35865
27525
33283
16458
19541
25520
36496
36821
30674
34004
31244
13983
31424
34398
31318
26046
19807
31742
14239
26175
29236
32128
46833
17297
34977
40972
15136
33305
29817
30141
17653
26380
11723
24030
12039
20995
36514
15245
24354
27134
33611
21969
27600
21698
15415
18564
21388
19099
34009
15472
18377
12556
24704
21926
9430
28355
25261
15647
28404
12322
18961
9508
15799
22648
18706
35929
39333
6326
16224
45477
19506
23305
16540
16320
19776
29950
23103
27076
10071
29965
20047
26939
23401
6583
20061
33660
13558
26893
24023
17152
13610
6863
17821
24201
6787
16808
31006
27832
41762
7004
35075
34390
21298
41824
21214
14030
14105
35737
14203
46459
7109
21866
14424
32609
10551
25279
32426
14805
26066
43529
18183
7295
36961
44330
33110
18478
25948
18715
36966
11130
15503
22826
29250
33812
11307
21343
37688
18824
30341
38684
23320
22788
26870
46638
34720
23188
50525
26743
46454
42622
39319
15722
27444
23490
23785
19367
32008
27663
23841
23989
36018
28166
24278
32058
15746
24408
32218
20702
28685
24430
12316
12365
28852
37332
4031
8203
12047
20611
33546
28817
4024
12365
8203
17163
16423
12571
17244
4371
16844
25083
30216
30214
21310
8432
17097
4258
25395
17006
12882
8878
21522
8598
34509
25827
21978
8624
12888
13555
13002
26421
26406
9104
13400
17980
13215
13112
8816
18490
17889
9147
4426
26650
26824
13308
9115
9203
22516
22520
13759
13741
18050
0
4446
33568
23144
18609
4706
4606
32260
13632
18364
9530
13903
4738
9578
27513
9224
9459
19005
37673
19278
9469
4878
4711
13985
14165
9525
25042
28513
29038
29318
24954
4809
29133
14546
19359
9890
14442
9682
19672
9632
14421
4696
10031
4915
19904
9592
4906
4993
19815
0
14552
5221
9948
15424
5303
10106
10592
35789
4906
5209
4951
36152
9993
10215
10474
0
0
0
0
15448
25659
7252
15294
10522
5278
0
5381
21591
16105
0
10804
0
0
10613
10619
16078
0
5166
0
5321
16110
10674
10887
0
10695
0
0
5341
5830
11043
11117
5752
21534
16327
10811
5339
10741
5257
5644
0
11162
5634
16742
5573
16970
11702
5435
11031
11049
16910
5632
0
22517
5739
11466
0
0
0
0
5775
5743
17669
5819
17098
6117
5797
0
17587
6240
5871
17455
0
5905
17762
6008
5953
12169
0
0
0
6127
0
12118
5950
12139
6014
0
6021
0
18300
0
25170
18485
6078
6124
6133
6087
0
6195
6208
6193
12742
0
12650
12762
12203
0
6266
0
0
6307
0
0
0
6196
25965
0
0
0
6307
19530
0
0
13125
0
0
0
0
6477
6594
13273
0
0
6500
0
6281
0
6687
6605
6660
13805
0
13200
0
0
13251
6598
0
0
13635
6571
0
0
7001
0
0
20698
0
0
6760
0
6756
13720
6971
7045
0
0
0
7213
0
7074
0
0
6914
6889
20854
7005
13797
21186
0
7337
0
7051
7113
0
0
14455
0
0
7075
0
0
7326
7101
7500
7110
14333
0
0
0
0
0
7248
14490
0
7293
7271
22143
0
0
22027
21992
14587
7465
0
0
7394
0
22691
14860
0
0
7804
0
0
23126
15101
7141
0
15401
0
0
0
7864
0
0
0
0
0
0
7353
0
0
0
7606
0
7866
0
7768
0
0
0
0
8049
0
0
0
0
0
0
0
0
0
0
0
0
0
0
0
0
0
0
0
0
0
7937
0
0
0
0
0
0
0
0
0
0
0
7888
0
7912
0
7949
0
0
16059
0
0
0
0
0
0
0
0
0
0
0
0
0
0
0
0
8177
0
0
0
0
0
16626
0
0
0
0
0
0
0
0
0
0
8587
0
0
0
0
0
0
0
0
0
0
0
0
0
0
0
0
0
0
0
0
0
0
0
0
0
0
0
0
8710
0
0
0
0
0
0
0
0
0
0
0
0
0
0
0
0
0
0
0
0
0
0
0
0
0
0
0
0
0
0
0
0
0
0
0
0
0
0
0
0
0
0
0
0
0
0
0
0
0
0
0
0
0
0
0
0
0
0
0
0
0
0
0
