1474904
1615857
1636022
1597056
1585912
1186684
1403833
1620464
1610516
1585884
1647516
1622330
1179662
1423721
1624024
1625271
1596005
1615481
1591265
1194512
1421241
1619594
1619487
1625814
1613188
1571463
1203837
1395598
1588360
1593988
1624901
1592809
1612757
1188011
1427008
1602527
1600572
1602529
1605014
1589423
1201677
1421374
1595634
1594240
1592683
1640614
1648381
1249119
1416641
1590146
1598515
1605605
1606377
1611633
1203459
1425509
1610739
1613972
1608084
1597356
1591068
1188699
1416409
1590753
1591878
1607854
1589706
1618226
1192739
1421856
1592484
1583687
1586168
1588347
1584826
1188302
1410191
1601913
1603347
1603960
1586849
1583088
1187943
1413141
1589137
1572680
1584854
1583432
1669499
1176460
1404610
1574326
1580130
1581353
1616432
1601266
1176322
1454293
1620435
1613959

