215585
216349
218406
214978
216047
216638
216578
119616
126852
118840
139094
121167
120096
118665
165369
251362
161640
135654
121885
164335
121568
132330
119760
120364
121090
160401
175135
128563
121948
119703
164203
121134
120156
119951
120263
134657
118816
120579
164694
120161
119966
119733
117321
120864
120133
121149
120991
115893
117174
136902
118594
119984
119235
165132
119704
121236
121031
119613
118235
121366
121410
120260
122059
118686
164210
119204
120146
120489
120962
120477
120620
119124
120284
121808
120895
122672
121224
120157
120070
120676
120379
119721
120000
162880
121508
138152
119859
121325
120884
113993
114501
143347
116932
115647
118255
117131
116418
124615
115564
116736

