885165
524784
504373
522051
520767
419845
438916
498898
516863
502065
506696
507922
433849
480792
645484
530988
625268
548951
567961
496437
504791
600485
615121
642060
715413
677854
620505
660881
794939
842127
854940
898640
956936
890553
1000738
1160252
1213744
1271446
1342138
1435156
1460185
1554283
1724349
1792679
1821274
1841239
1907950
1764849
1796856
1859212
1758066
1733438
1677432
1557024
1392044
1325740
1332288
1232163
1165805
1079115
991317
834407
802667
810100
783791
737981
705887
684028
568162
549630
619526
611085
588019
599878
574323
493040
478884
577475
554103
570037
543245
564366
439081
443012
533308
514899
529241
531901
518207
415683
416046
499354
500718
510120
521094
502593
421484
421638
499826
547092

