2575672
2357009
2358814
2334097
2322742
1823185
2059339
2238991
2254247
2206800
2293317
2251430
1733618
2023189
2434928
2407638
2382939
2300105
2281124
1855297
2047609
2352419
2354378
2388253
2449704
2409738
1999489
2185057
2505261
2555834
2644076
2612593
2689867
2198527
2548026
2897449
2933147
2994569
3111861
3144752
2781842
3095403
3437316
3507794
3534112
3603015
3677336
3129881
3330688
3586270
3475186
3459037
3403055
3333801
2715220
2872501
3064071
2965763
2892133
2797852
2703815
2143379
2341150
2519560
2539898
2465051
2415757
2422758
1881883
2091979
2332645
2313910
2294489
2310045
2280060
1804031
2010311
2299554
2277543
2294688
2250483
2267192
1747034
2019054
2243971
2225742
2233963
2236670
2308605
1706148
1935169
2217038
2197791
2207132
2255793
2221001
1714235
2000570
2235837
2277798

