1021833
1128368
1128138
1149740
1084523
599178
962603
1082867
1135627
1083543
1081807
1081609
595156
967523
1128367
1080990
1081524
1083757
1131134
594062
963041
1084040
1083317
1084883
1123742
1094634
619079
966934
1098610
1082338
1094202
1144745
1086773
596544
966773
1085160
1085682
1087420
1171852
1087733
601792
971623
1093795
1096670
1094867
1095526
1097131
612368
976099
1094919
1110781
1102528
1097365
1097795
609666
975273
1096686
1095398
1102226
1094800
1096190
605296
1017423
1092078
1089105
1088837
1086956
1088303
648818
963752
1085048
1085023
1082394
1084874
1081726
595216
969789
1083346
1084252
1082565
1082030
1090513
593843
968857
1083481
1081424
1082997
1082372
1086328
594005
975195
1099011
1083163
1081665
1129026
1081510
596291
963199
1084926
1087704

