230775
229387
229450
238931
229733
229502
229871
125055
126779
124840
128178
128073
125118
127608
125716
126111
125192
124947
127539
125306
126514
125636
125766
125147
143751
125291
125397
168418
125119
124922
125255
125935
125195
124819
124685
124900
125048
125361
129754
125133
125208
125138
125389
125461
125215
125693
125607
125942
125027
125545
125569
125086
125303
125146
124946
124592
124905
124897
168994
125302
125377
167755
124718
124422
124972
124912
124862
125765
125213
124190
124718
166199
124918
125657
167158
124925
124790
124451
125195
124850
124772
168005
124778
127409
124816
125953
125253
152861
125298
125258
125516
151684
133143
125159
127543
127720
126487
170222
137267
132307

