21693508
21671981
21212543
21562275
21314874
11710172
11701527
21462491
21355929
21490724
21329730
21349509
11645549
11639740
21738411
21384681
21420679
21325025
21410378
11651468
11702376
21549948
21437008
21424868
21298093
21495625
11602500
11623845
21004464
20892654
20999645
20906754
20948690
11651056
11685140
21001548
21203445
21420885
21352349
21267259
11921415
11814971
21378393
21427491
21514840
21683007
21610398
12433355
12356786
21832552
22276682
22029754
22018660
22097857
12772644
12710473
22005894
22119053
22322017
22040300
22634635
12711513
12607824
21854031
22074211
21891993
21855401
22000450
12430328
12270489
21875091
21928797
22065449
21731722
21705766
12048922
12187230
21698024
21571726
21603789
21639242
21381877
12121454
12592858
21735805
21437121
21540169
21715252
21516304
12111910
12185850
21445051
21570206
21536299
21699391
21619989
12020211
12132188
21398469
21478852

