22946134
23029768
22570205
22950966
22629164
12538883
12894022
22670436
22618350
22699120
22539737
22559211
12365845
12734888
22992508
22591798
22627414
22533743
22669070
12370851
12792004
22759641
22646112
22634910
22565661
22715563
12346995
12759219
22228207
22099928
22219123
22177482
22160677
12372443
12776614
22211623
22414201
22633680
22653969
22480150
12648436
12911749
22597592
22649637
22734936
22904239
22833147
13171681
13457932
23053029
23513044
23257391
23241340
23320811
13507270
13810355
23227535
23339360
23593284
23260419
23856252
13484610
13750017
23070580
23288302
23105760
23067268
23214558
13204376
13358477
23084911
23180066
23272777
22942271
22954666
12769083
13281866
22905843
22781193
22811252
22846061
22640443
12840131
13689175
22944158
22644549
22748444
22950534
22728019
12831226
13286618
22695772
22786564
22743173
22956011
22829272
12743040
13265681
22620686
22698916

