1038594
1090541
1093278
1094534
1107054
609837
974419
1118982
1096104
1092559
1105089
1096863
654553
973151
1101432
1103614
1091951
1092940
1118891
599215
968263
1145985
1113152
1100314
1095238
1108986
598205
1018046
1117690
1106525
1124914
1098117
1106441
601448
976315
1102758
1098785
1097929
1102880
1104973
613922
990242
1102053
1151934
1118263
1112543
1111990
611501
984904
1144438
1116686
1161828
1117106
1126605
616586
987665
1111816
1116946
1114711
1156799
1118578
614176
1021418
1181331
1117816
1107563
1102931
1131076
600486
967763
1140158
1182577
1107977
1099273
1143674
599676
976321
1112046
1095303
1090756
1103398
1166425
597056
966595
1098560
1096625
1100372
1099530
1096526
596560
971884
1094930
1093733
1135431
1102877
1091896
596682
965608
1102042
1092310

