237681
236974
237031
236981
236001
237200
236097
130806
131191
130038
133082
134791
134147
174491
131467
130567
130293
130156
144550
130312
129364
130131
130234
130807
129656
129972
129437
129452
129194
130213
129473
130176
129457
129101
129136
129307
129301
128963
129306
129093
129299
129208
129483
139184
129320
128876
129116
129438
128910
128741
169459
129436
128656
128596
128909
128810
128696
129163
129275
129908
130235
129715
129006
134103
130354
129334
129722
129783
129786
129502
129641
134353
130029
129428
130888
129820
129503
162909
129781
130004
129635
130365
129691
129836
130292
175590
129985
130382
129936
132011
130557
130377
131685
131877
133435
130272
134384
177214
134567
132942

