15251118
15098321
14893107
15214674
15087274
12259157
12152321
14985675
15169925
15085848
15025467
15307499
12138212
12118333
14961192
15014455
15051034
14973922
14888821
12296496
12149029
15446657
14955699
15148719
15135884
15118072
12267713
12330411
15382610
15565749
15355961
15315680
15304263
12443186
12586694
15543807
15559702
15647900
16065369
15788710
12919084
12962551
16115663
16135055
16370166
16334550
16392361
14161893
13534219
16727571
16817385
16700712
16649582
17036380
14161819
14393375
17044342
17236117
17227579
17032514
17386851
14336087
14197760
16870128
17061816
17035588
16846585
16954426
13956830
14000722
16801475
17040215
16641834
16654731
16443620
13659523
13513785
16376245
16247931
16795375
16376828
16475149
13459234
13353611
16282188
16274546
16478896
16314039
16591952
13199870
13263219
16245655
16200769
16128326
16315014
16091130
13224351
12989840
16535062
16156039

