16527411
16425863
16223508
16546219
16430354
13106228
13362919
16235480
16397236
16308464
16263652
16539169
12926934
13265993
16194104
16248654
16273296
16197033
16152276
13026040
13246678
16722788
16199098
16379856
16360798
16357044
12995373
13477931
16629506
16802500
16610398
16543994
16540177
13173750
13692163
16775894
16787802
16874806
17297576
17022792
13662320
14082019
17347212
17426199
17617762
17576043
17633544
14902849
14648048
18000764
18103607
17991990
17895422
18291601
14907337
15509866
18284933
18482307
18471581
18319293
18635696
15079995
15348203
18185653
18310007
18272564
18079316
18215388
14687187
15098014
18071352
18357186
17879925
17883455
17718266
14389106
14619635
17651294
17473101
18016226
17609885
17772014
14186065
14450137
17511133
17546845
17709337
17544037
17818495
13928529
14365773
17471001
17426215
17395719
17551425
17313330
13955452
14132756
17771771
17381374

