1611990
1726585
1721440
1742651
1726826
1420223
1597478
1729219
1718686
1715663
1745293
1715187
1417197
1595615
1734700
1713911
1725007
1750594
1734696
1414630
1598571
1716358
1710334
1714423
1730460
1720535
1422654
1599777
1712550
1711897
1713001
1710277
1714524
1423813
1621502
1750149
1724052
1718622
1714574
1718839
1425603
1596296
1717084
1715304
1711058
1711592
1715254
1419078
1593953
1722996
1744780
1719281
1727859
1711763
1418271
1599893
1717578
1724677
1711592
1719612
1721436
1416350
1595581
1711048
1718988
1716355
1716936
1713521
1419833
1603011
1713804
1710516
1717602
1721501
1718972
1416540
1600693
1722906
1718829
1714009
1710724
1729319
1426958
1616887
1724518
1714065
1727048
1722617
1712276
1420558
1593918
1722815
1720351
1710273
1724454
1713484
1415529
1594650
1709254
1715332

