233296
344480
280847
276130
232468
230912
231524
161109
129335
146358
131200
129423
127363
126942
126973
127330
149751
186883
186482
145610
133238
150273
126929
159637
159467
166459
129677
126755
126966
162211
147850
126913
128387
128181
126560
127405
153633
126591
132474
127183
126846
126590
126830
127133
127025
126612
140689
126640
131446
130839
129001
134556
126953
152847
152937
126984
136359
126458
126435
127019
127067
126508
126615
126397
128395
126852
163835
126818
153497
127169
144603
126567
126962
126410
126474
126508
126833
138401
127042
126595
126334
128420
128274
127023
126671
126670
127246
127354
155314
126934
148951
128164
135831
127534
126777
127871
127845
127349
128932
129170

