522474
497686
498208
492254
494345
433876
434129
489690
490280
490721
490564
491044
435809
437316
497004
499871
494424
496055
506058
443375
446728
504000
512350
508160
516242
516156
464341
470146
532635
536872
542121
548466
560599
517122
528728
593669
602673
611688
623741
641018
600641
617091
686663
692579
696168
699935
704491
650073
655102
709399
699399
682111
669356
656217
589056
577226
621436
604984
588919
577779
565092
502201
490849
541780
546630
525938
520550
517018
455155
453077
507165
505029
502905
501808
501308
446638
442843
497795
496667
497529
496169
497957
438268
441307
494129
493088
493285
492257
493214
434677
435052
491397
491773
491311
490834
491093
434875
434052
490740
493144

