2367781
2568786
2500531
2511068
2453669
2085025
2263153
2380037
2338317
2352755
2367076
2335666
1980379
2159887
2358687
2341143
2369210
2433552
2427256
2003632
2178552
2370644
2349632
2382240
2406189
2403169
2016688
2196710
2372178
2411014
2403003
2385675
2403542
2069138
2276828
2471246
2480383
2456942
2470814
2487070
2153118
2340022
2530615
2535144
2534298
2538186
2560497
2195827
2380547
2563269
2573233
2535985
2524212
2520868
2160292
2304139
2475400
2456148
2426973
2424431
2413624
2045102
2213063
2379251
2394051
2369171
2401335
2357371
2028503
2183271
2365585
2342124
2347480
2349729
2346764
1989698
2170378
2359125
2342547
2338145
2333236
2355706
1993509
2185228
2345327
2333856
2347603
2342239
2360814
1982181
2177935
2342389
2347965
2329128
2342075
2332460
1978259
2156064
2328935
2337661

