228925
230356
228255
229106
228958
228312
228061
125456
126392
125037
134423
129381
126482
126798
125237
126884
125252
148928
126551
125888
124581
124863
125858
125608
126793
124883
126130
124542
124847
124575
124963
124914
124970
127264
125374
124663
124676
128153
125005
124768
125320
125081
124936
147177
124941
124922
126649
131172
131338
125159
125528
126757
130551
125249
124915
124704
125026
126963
201893
125047
125637
124939
124781
124639
124874
124755
124362
125044
126951
125741
125100
189442
126882
128984
124912
124752
125159
126773
130647
125985
124893
128241
124698
124879
125169
126161
125084
133608
126896
127375
124811
125954
128904
125468
124957
129313
128305
192056
129523
127463

