15186878
15303897
15095512
15443934
15512423
12384860
12574378
15040400
15231667
15368285
15279378
15054210
12350669
12689531
15442801
15057263
15420203
15402462
15452136
11972333
12759422
15415438
15345288
15041032
15430596
15311610
12692643
12448641
15510822
15396589
15466521
15380275
15507909
12427998
12880804
15440098
15818405
15860891
15862171
15706441
12857218
13092902
15956835
15754720
16371729
15942757
15983512
13248019
14039188
16250993
16174177
16000402
16408570
16300322
13410626
13457870
16390861
16497522
16606706
16130430
16392395
13178925
13646172
16240912
16072664
16199467
16092896
16282252
13077866
13688645
16302447
16018410
15743970
16002397
16001380
13028885
12847533
16201406
16074418
16053506
15725609
15885478
12542528
13322402
15978271
15940082
15772280
15838156
15814946
12557237
12977173
15800772
15935463
15732938
15589726
15826806
12751554
13697012
15927852
15841187

