1188267
1267187
1266740
1258970
1255139
684462
1162239
1269812
1267387
1265624
1266878
1322856
691879
1120362
1274880
1267174
1257029
1274576
1270203
694300
1131944
1277806
1322976
1259475
1268853
1270202
692626
1120929
1270537
1327402
1267444
1274110
1271163
688833
1127598
1261813
1280968
1279836
1275990
1280995
713432
1127655
1284668
1287659
1278876
1290414
1291531
696722
1137339
1294192
1286664
1307460
1295855
1287046
708869
1136397
1292068
1293154
1275487
1275951
1275532
731707
1131224
1278614
1281576
1282734
1334874
1278013
695949
1117190
1274898
1299809
1276526
1273996
1272123
699397
1114818
1271659
1271097
1271572
1272779
1273040
693450
1114147
1323357
1269192
1261373
1256971
1256752
690856
1120988
1268940
1260833
1270727
1272643
1273950
692010
1122603
1268444
1316428

