239696
245621
294773
222082
266291
225831
236369
138563
139573
166461
137413
140771
136300
140613
138583
136606
140761
137163
139606
137346
137878
137757
136514
128772
136924
136520
123769
137917
136736
137416
135850
136210
121762
121808
126672
134610
137644
137038
121388
138106
137158
183617
136781
138419
185759
136895
137641
171843
136871
136609
184965
136658
137704
137122
136462
136476
135566
135692
119866
135722
122987
159904
137148
121386
137141
136597
136559
136201
136183
137326
136697
137907
138036
136591
136129
135680
136730
136132
136826
137152
183484
136659
136639
136137
136181
136806
121656
123677
123511
135874
136680
137488
136454
136683
137975
137452
137466
186212
143978
152114

