1884112
929176
877937
668847
660598
651491
665133
897405
893910
791578
897047
899447
662927
739570
933098
916659
977314
923050
984969
772241
832004
957551
964134
1023763
982085
1052818
723824
900337
1047261
1067648
1078897
1100115
962427
774707
906320
1118337
1311766
1285047
1293325
1416778
1139892
1168352
1486725
1526164
1553477
1602898
1603735
1324241
1342251
1674698
1677160
1661873
1632334
1673701
1304666
1319166
1594379
1457714
1210373
1363242
1378133
1116333
1087449
1255642
1308301
1187680
1180474
1161580
947627
946932
1107910
1156917
1005405
1115197
1069403
875484
826962
1004557
1049887
943174
966508
960590
769922
767795
947154
941527
710081
890973
835530
741254
728173
924042
947387
959376
903880
950750
720466
721825
850501
883821

