3312093
2442001
2439473
2149919
2182041
1561796
2063753
2305797
2300882
2223673
2301350
2363085
1491120
2000559
2346573
2320456
2375116
2334802
2394790
1603900
2101839
2373125
2423645
2412022
2387878
2459554
1540231
2159196
2454546
2532478
2482205
2510446
2355363
1585362
2160604
2514780
2730390
2701932
2690722
2835891
1990495
2479644
2908189
2952255
3018126
3030221
3032922
2192820
2616476
3105512
3148809
3106002
3065907
3097880
2150010
2592061
3022024
2886571
2605743
2774927
2776664
2007971
2355834
2655662
2727035
2607021
2651919
2575808
1779776
2201463
2519517
2594644
2419981
2525795
2477666
1710573
2078523
2412372
2457822
2351910
2422783
2370300
1600024
2018090
2406706
2347537
2093120
2271633
2215804
1567997
1985854
2330483
2344686
2366798
2314515
2362163
1549954
2030657
2262936
2352381

