0
2215
4355
11482
20331
28461
48296
73615
82482
93556
4136
4745
5072
5854
6764
7143
8367
8977
9772
10754
2294
2338
2469
3221
3068
3218
3546
3091
3708
4122
4173
4614
4630
4769
4744
5394
5895
6140
5663
5772
5779
6327
6124
7581
7008
7411
6852
7723
7832
8091
590
496
475
521
471
558
629
619
790
515
889
559
789
428
805
939
817
941
997
1230
1247
828
1013
828
1213
757
1029
1384
1263
988
926
1190
1214
1059
1532
1174
877
1616
1242
1151
1527
1827
1792
1271
1500
1643
1286
1281
1367
1826
1752
1437
1283
1396
1167
1314
1361
1993
1148
948
2538
2401
1933
2094
2611
1997
2350
2189
2158
2955
2285
3019
2178
2446
2098
1914
3678
2285
2647
2338
2514
2184
3464
2371
2252
3142
2869
1618
1783
2318
2832
3013
2338
2956
2438
2984
2961
3285
3263
3431
2745
1995
2490
1770
2443
1957
2856
2679
2221
2025
1516
1521
1338
2103
1923
2697
2970
2152
2243
2076
2171
2336
2138
3295
2672
1706
2808
2535
3011
2408
2993
1951
2610
3037
2032
2286
2015
1802
2632
2574
3071
1767
2767
3213
2235
2584
2537
3426
3309
2659
1792
2590
2497
3203
2595
2145
2991
2088
1983
3447
2742
2879
1656
2112
3342
2998
2787
3597
2924
3546
3745
2672
2496
3912
2281
2821
3673
3152
2922
2957
3437
2256
3237
2735
2661
3215
3735
3487
906
3369
2045
3029
2881
3108
2495
2754
3416
3631
3267
2422
196
0
644
160
206
0
0
313
0
170
700
327
342
154
169
0
0
336
162
202
477
358
327
494
166
741
217
507
0
544
378
0
210
171
0
405
0
0
173
195
225
186
781
206
229
371
379
360
368
178
560
189
184
0
744
585
0
187
0
197
235
238
190
188
0
0
401
385
201
0
0
402
671
221
407
0
200
655
209
208
656
635
435
218
626
479
0
265
668
445
1314
423
225
260
209
418
440
202
227
227
0
215
437
668
221
0
741
508
465
265
685
0
253
0
792
224
0
232
228
924
971
461
271
234
452
759
0
231
530
0
230
498
0
0
250
236
248
0
542
0
248
0
0
1036
0
525
249
256
544
831
0
0
0
0
509
0
1171
270
263
533
571
328
576
266
509
0
588
601
1065
0
265
0
1140
0
543
0
265
261
278
922
560
541
262
588
285
823
0
0
807
820
273
0
0
586
0
283
0
274
297
281
285
1179
617
916
0
0
314
685
0
1171
0
0
1247
320
282
307
596
325
0
0
386
667
0
1374
929
294
332
0
0
0
389
0
772
0
300
0
315
325
694
312
0
379
0
305
388
327
0
345
0
312
647
320
0
0
0
700
0
1359
0
696
350
0
712
328
1433
331
667
0
0
326
0
0
753
0
701
0
0
679
1005
446
0
661
347
680
691
757
342
412
0
686
356
1051
0
759
334
0
0
0
348
348
344
0
0
0
0
347
827
352
354
795
355
1239
374
357
1605
380
360
0
0
364
1219
851
369
461
364
355
360
372
834
737
374
0
405
0
461
0
0
0
755
0
375
456
382
451
0
486
0
1146
0
388
0
0
376
421
0
0
403
0
1342
1152
1398
895
448
1172
877
787
422
798
405
0
452
0
0
1286
0
928
809
402
416
910
412
0
398
408
0
831
449
953
424
1828
924
0
0
0
505
0
0
0
839
0
530
1440
1441
538
431
0
833
0
1326
1436
859
0
0
436
0
0
450
1302
506
504
0
494
485
0
430
0
0
426
1296
969
0
0
0
0
451
880
451
0
505
897
0
929
445
460
449
0
0
598
1424
0
0
983
1401
0
0
0
947
0
499
487
453
478
0
0
0
457
461
1029
949
968
949
0
958
0
586
0
952
978
474
489
673
482
489
467
484
0
0
0
470
1583
0
514
0
536
1054
498
0
594
508
504
603
0
479
586
517
702
486
0
503
0
514
495
510
1108
1032
0
510
489
496
0
0
0
0
1024
642
495
498
0
1161
1533
1032
510
501
623
0
540
503
0
519
539
1243
1154
0
1034
519
519
0
1252
643
657
0
0
2287
506
578
0
554
1170
645
0
0
0
549
1197
1052
0
0
547
1071
0
1728
1214
0
528
570
0
1642
0
3004
0
534
0
0
577
1629
536
541
1103
0
669
537
0
687
0
0
1189
1769
1125
0
0
1115
0
0
1126
663
1264
706
0
0
0
0
2235
637
0
0
566
612
0
596
589
0
0
0
0
586
594
1145
576
0
0
713
1294
0
0
609
0
0
3264
1152
725
0
592
1365
0
614
0
0
0
632
0
0
0
608
0
0
1182
1253
0
0
1812
2478
0
1233
0
0
0
1350
0
0
813
0
644
743
0
1219
0
0
1215
629
642
626
0
1259
0
725
0
615
0
0
619
0
0
800
0
1571
660
678
633
634
635
0
631
0
0
1285
772
0
0
649
0
625
1931
0
634
1282
1467
772
703
1511
0
0
678
0
0
0
1378
0
0
0
654
0
695
1455
1345
656
654
0
0
0
671
0
0
661
669
677
0
0
0
0
1402
664
0
0
0
0
0
0
0
0
0
0
0
0
0
0
0
0
0
0
0
0
0
0
0
0
0
0
0
0
0
0
0
0
0
0
0
0
0
0
0
0
0
0
0
0
0
0
0
0
0
0
0
0
0
0
0
0
0
0
0
0
0
0
0
0
0
0
0
0
0
0
0
0
0
0
0
0
0
0
0
0
0
0
0
0
0
0
0
0
0
0
0
0
0
0
0
0
0
0
0
0
0
0
0
0
0
0
0
0
0
0
0
0
0
0
0
0
0
0
0
0
0
0
0
0
0
0
0
0
0
0
0
0
0
0
0
0
0
0
0
0
0
0
0
0
0
0
0
0
0
0
0
0
0
0
0
0
0
0
0
0
0
0
0
0
0
0
0
0
0
0
0
0
0
0
0
0
0
0
0
0
0
0
0
0
0
0
0
0
0
0
0
0
0
0
0
0
0
0
0
0
0
0
0
0
0
0
0
0
0
0
0
0
0
0
0
0
0
0
0
0
0
0
0
0
0
0
0
0
0
0
0
0
0
0
0
0
0
0
0
0
0
0
0
0
0
0
0
0
0
0
0
0
0
0
0
0
0
0
0
0
0
0
0
0
0
0
0
0
0
0
0
0
0
0
0
0
0
0
0
0
0
0
0
0
0
0
0
0
0
0
0
0
0
0
0
0
0
0
0
0
0
0
0
0
0
0
0
0
0
0
0
0
0
0
0
0
0
0
0
0
0
0
0
0
0
0
0
0
0
0
0
0
0
0
0
0
0
0
0
0
0
0
0
0
0
0
0
0
0
0
0
0
0
0
0
0
0
0
0
0
0
0
0
0
0
0
0
0
0
0
0
0
0
0
0
0
0
0
0
0
0
0
0
0
0
0
0
0
0
0
0
0
0
0
0
0
0
0
0
0
0
0
0
0
0
0
0
0
0
0
0
0
0
0
0
0
0
0
0
0
0
0
0
0
0
0
0
0
0
0
0
0
0
0
0
0
0
0
0
0
0
0
0
0
0
0
0
0
0
0
0
0
0
0
0
0
0
0
0
0
0
0
0
0
0
0
0
0
0
0
0
0
0
0
0
0
0
0
0
0
0
0
0
0
0
0
0
0
0
0
0
0
0
0
0
0
0
0
0
0
