1592069
1689812
1694172
1679054
1726815
1343999
1571010
1711719
1726626
1726472
1713332
1700405
1298406
1536741
1741115
1734196
1693374
1739458
1709884
1302116
1526525
1690237
1701204
1711614
1706819
1746706
1365735
1552725
1753568
1705977
1728623
1725297
1716633
1328043
1552864
1710595
1709307
1694369
1702720
1722228
1311103
1533155
1745806
1751508
1765738
1756047
1730607
1292889
1564153
1727744
1733054
1737716
1764909
1759261
1335696
1557517
1717931
1734935
1729630
1735859
1774195
1417105
1573333
1738847
1744891
1745812
1740407
1746107
1356338
1599785
1746321
1768801
1763528
1760042
1756072
1386515
1615118
1786188
1725944
1759900
1755717
1763718
1392528
1600268
1764288
1756232
1755274
1752538
1753357
1368849
1564413
1761089
1773233
1766819
1734979
1757920
1351011
1569928
1738579
1723007

