223425
224577
227600
225236
264474
220956
222233
133215
124681
136615
128992
122767
123789
122684
167297
251765
122733
125088
122396
120376
122233
121685
121290
130035
121595
165623
120891
145606
121733
121923
122291
122130
169830
122535
161548
122349
122186
122055
121590
122036
124510
124274
122515
123418
169814
124724
124734
143634
125502
172044
125342
122822
128295
127101
124821
167274
124165
124224
125029
125124
141163
127526
129563
124830
124480
158445
125750
126174
123075
121447
122741
119926
120801
120010
168462
120999
167085
122163
122533
123441
122615
121457
121492
121404
121317
167918
121960
124182
127175
123153
122508
124337
124783
120493
125380
122527
125463
129380
169438
123684

