923969
527262
526685
519489
518162
419794
422521
519412
503439
505722
503556
491460
438917
427198
529603
623918
518706
527199
525410
444490
466901
545355
575161
607420
569987
585091
501191
545087
618551
632783
681112
668711
681295
619311
636989
763020
780771
818337
842200
898862
822904
865402
996427
1025684
1038026
1048047
1052455
940294
941174
1078814
1074092
1022715
1017202
992544
808219
771104
866695
816407
830056
775562
760505
617254
585503
676006
641390
642689
612356
605953
495636
493217
565745
564374
561962
542461
533698
453263
442563
527383
538432
526157
516719
519723
432041
426358
512077
510931
504588
509100
507672
453555
432781
537658
507706
515121
526523
500627
439237
404985
498467
499716

