2739479
2441673
2448472
2423793
2509475
1984760
2215776
2364356
2354761
2368820
2345891
2314644
1861122
2086638
2438026
2609906
2334835
2391760
2357701
1866991
2115670
2357288
2397673
2449079
2398417
2497451
1987827
2243430
2493863
2460692
2532045
2516148
2567775
2069899
2351417
2595973
2612275
2634772
2666520
2743139
2258527
2522846
2864758
2900619
2973601
2928830
2907808
2376829
2630844
2978612
2932500
2883266
2910418
2878917
2268750
2495919
2708806
2675581
2684726
2636562
2675882
2161900
2288424
2539699
2510789
2546967
2478530
2478251
1975067
2214461
2434823
2453123
2446307
2422529
2458264
1960794
2224777
2435746
2386931
2409514
2395061
2404917
1946086
2148042
2397701
2435094
2381833
2385843
2388225
1945570
2119716
2423108
2405735
2402446
2386898
2381090
1915721
2104304
2406493
2346417

