1085267
1171600
1168100
1166588
1161471
638665
1029082
1177088
1161148
1167095
1247667
1222000
642192
1037462
1222985
1276045
1164776
1172244
1160623
669092
1027559
1210997
1251878
1228206
1204645
1187168
639796
1026975
1167803
1209038
1193243
1167803
1186448
651790
1028184
1184357
1233508
1186636
1234963
1169716
644321
1085398
1268164
1181706
1171828
1203859
1216186
710350
1054228
1195320
1177893
1197401
1277393
1254569
723013
1064382
1262133
1293159
1186548
1172610
1170835
647311
1067392
1167161
1168903
1170974
1190217
1233070
652937
1024856
1171582
1166717
1162467
1170114
1172430
635696
1024653
1198853
1255051
1164850
1187223
1159724
636151
1085187
1243642
1186455
1159694
1183803
1170085
745271
1026392
1178807
1168271
1196784
1171128
1157612
633405
1108176
1343405
1163829

