243692
242373
242014
243059
242200
242110
309595
134425
134607
133417
158120
137637
133652
133441
138594
136038
132961
134263
132761
134549
133782
153736
134664
135098
138672
135163
133374
133177
132725
133536
133422
133353
133205
136882
132597
133247
134260
136323
133279
133432
133251
134696
208446
133321
133274
198685
139142
135358
132844
199711
134634
133021
135267
132885
132961
133271
134399
135021
133235
133081
133144
132754
133575
133023
132737
134542
173427
134495
133140
132386
132536
199165
134267
133597
135774
200460
132618
132662
134210
198863
133126
133079
133119
134562
133172
134232
133054
133887
198617
140476
132512
133033
201731
136238
135354
133472
134104
134418
150538
138758

