15341793
15290616
15071667
15358730
15426476
12251395
12609404
15241989
15285274
15300805
15132282
15042556
12426846
12649471
15223551
15154708
15229051
15296987
15245218
12000011
12894273
15335316
15435128
15343691
15482707
15357528
12408516
12430511
15465496
15467712
15428567
15215773
15864409
12365099
12782238
15333772
15739624
15540007
15709674
15590999
12899080
13290847
16199767
15975138
16265500
15919137
16058516
13089792
13706420
16246559
16343274
15937976
16458874
16358024
13459911
13517921
16550335
16365708
16293770
16217461
16401996
13589094
13694379
16171180
16424463
16203089
16323225
16082353
13206124
13661183
16624021
16088411
16136654
15914576
15878664
13119939
13265692
16027860
15879453
16481135
15910111
16333752
12831619
13631590
15828155
16146783
15960600
15906226
16074987
13058190
13273884
16122272
16149945
15951982
15977639
15934964
13331292
13128318
16232785
15835824

