0
0
0
0
0
0
0
0
0
0
0
0
0
0
0
0
0
0
0
0
0
0
0
0
0
0
0
0
0
0
0
0
0
0
0
0
0
0
0
0
0
0
0
0
0
0
0
0
0
0
0
18
0
20
0
0
23
24
47
0
0
0
79
28
28
27
122
61
63
161
95
99
143
70
104
37
112
114
117
81
199
253
297
175
176
186
94
141
48
201
195
102
103
215
267
165
55
111
114
174
233
0
0
183
189
318
267
134
136
282
555
213
367
510
146
152
0
310
391
239
80
498
500
256
174
346
90
525
361
274
283
851
387
783
388
596
700
309
520
424
634
643
983
219
341
799
704
342
351
717
204
104
641
332
320
429
0
879
666
229
567
454
700
574
689
459
707
347
239
474
353
949
364
869
971
604
498
1115
373
878
1005
1780
658
518
1032
1174
269
814
774
1203
920
1059
824
925
1787
1500
980
1260
1555
1403
1144
860
2284
1711
1428
2489
1055
1326
1603
1335
2373
1963
2413
1808
2563
2276
3207
2328
2476
2769
2712
2895
2111
1602
2546
2375
3227
1618
2274
3257
4142
2449
3003
2178
3542
2551
2549
3390
4629
4323
2430
3107
4159
2625
3187
3212
2828
3194
3617
3252
3473
3270
2358
3246
4210
3490
5072
3404
4128
2253
3982
5191
3650
2848
5969
4666
4127
3854
2778
5525
3548
1957
3389
4019
4457
4863
5049
4040
5728
5483
3737
5267
5180
3759
5263
4646
3119
3597
4694
3846
5216
4171
5051
5031
6824
6786
4918
6808
5568
4249
4678
3363
4488
6117
4781
4990
7091
7185
4544
8119
7328
3721
6104
7030
5858
8502
7986
6491
6915
8420
7199
7004
8369
6094
8056
6137
10826
8148
6224
6206
9463
6498
7574
9870
8906
7384
12493
9185
5938
8045
8853
10883
7588
10424
10476
11298
5823
10369
8436
7977
11208
8602
11880
8969
12471
9523
8256
9365
8521
12457
12743
12804
12505
9893
12416
11325
10561
12546
8831
17746
15335
10927
12411
11092
17968
13195
12629
11723
12698
16558
13457
15275
14954
20119
14740
11457
16035
13972
17091
13742
12845
18780
16070
17753
11820
17531
18183
10980
13813
15499
20869
14227
11812
11247
13887
14756
12266
16278
13621
19540
16073
14723
19620
14782
17693
15154
11340
14455
12731
16120
21156
15101
13092
19989
26139
16722
19158
18362
19035
19274
22205
21221
16642
24802
21374
19638
27014
21651
25442
22119
19722
27048
26216
27723
27966
26854
26511
25536
31572
28203
30419
33384
28690
25809
34995
34456
31975
26870
30984
33773
35094
28779
40491
37540
36480
39942
40552
32282
38709
33900
32725
33691
28707
35835
33262
38358
31648
23685
31517
38703
34746
31925
34347
36616
29186
35176
25719
31041
24722
26724
25626
26418
25752
28576
22412
28344
24778
31818
24485
25235
24226
25497
22147
26828
16823
17227
21954
24287
21140
23440
23521
20084
25274
18009
19793
19513
23122
20886
18355
19213
17444
17081
18979
22601
17570
25757
23779
23534
18715
18374
21547
20148
22238
19826
18528
21224
22258
19129
21824
22875
22877
20308
16444
17135
15287
19534
14436
18727
24001
20820
26227
21207
14693
15567
18516
19511
16756
17339
22527
25183
19661
20288
18912
16459
20625
18515
13062
16749
15221
19536
11300
14960
12994
13795
11436
20427
12872
13925
15531
13560
13573
16101
15623
15275
12262
14248
11666
10716
13836
14773
13430
11293
12512
18138
17119
15114
16126
13748
14621
15858
13750
14674
14248
13317
16407
16174
13935
10059
14044
10726
11343
10762
10751
16147
16275
12458
15319
10924
13116
12058
12079
11562
9321
11644
10460
11613
16724
11765
11165
16842
8940
14042
13508
10690
9217
15829
10832
9113
9659
18745
13258
12606
10882
9276
7558
5184
6926
8691
11618
9994
8900
9989
8744
8855
15164
10068
8372
9362
8438
12502
8890
12676
11372
11327
10200
9668
9592
15701
16430
9674
12166
7348
10279
14023
8607
8436
7920
8081
8560
7403
5607
12561
14203
6791
8760
10612
8751
7515
5042
8205
10708
7501
7567
7721
9558
9638
10981
10178
8944
12156
9062
5095
7765
11000
14421
10435
10502
5177
5192
11086
9322
8520
11227
12585
8499
5293
12078
8035
7284
6646
3977
11436
5963
8729
9414
7444
8033
7385
10201
9504
7427
9630
5446
4173
9539
7529
13073
10260
13760
11138
4236
8983
8298
7698
7042
8405
8488
10026
9912
7063
12136
11971
12184
8584
12761
12934
5709
10680
10773
12984
10153
5824
9341
11589
7936
11116
10860
6544
12144
10898
13231
7379
11792
8872
8307
9588
10231
8174
8137
4533
8879
8907
11966
6052
8250
8416
5265
2291
4541
4498
6821
9065
5283
11433
9984
9947
2289
3860
7575
4644
7063
15516
3931
6974
8549
1528
3905
10173
5437
7820
4704
8652
3973
2392
3258
3968
11097
5573
5495
9572
5630
3201
7226
2397
5650
8132
4913
7225
4833
8211
8080
9898
4132
5672
1649
4910
8170
4952
5800
3249
4953
5832
4997
12611
821
4142
4129
2540
4981
2541
2542
4152
4209
8386
4996
9386
7660
3444
11078
4313
6832
3425
6855
7650
3423
3397
6942
6869
5219
6079
7144
10351
6034
1739
1768
2613
5221
7839
7096
7927
6097
5264
12483
7943
6999
7044
7092
1794
6128
8077
5308
6241
7210
3592
4445
8088
12615
4511
7197
9996
7199
3627
5510
6420
2761
4516
5438
9108
14727
10111
5452
3612
5560
9205
3717
6582
3701
4647
6517
9381
2775
6701
6568
7559
5673
5605
6574
5667
5807
2840
4795
3815
2889
6736
8609
8577
4848
6655
6723
2870
6772
6705
9618
4921
6828
2917
2915
5974
3884
5900
6825
7007
2901
2988
3960
0
3922
3029
4968
6877
1963
7994
6005
5006
6094
2237
2020
3046
4989
6014
1988
2016
7128
6150
5098
6028
2021
5055
1017
6190
3132
2043
3165
4124
5058
6169
1036
6173
4177
4146
3108
4180
4116
3077
6409
6269
7301
5198
7342
1032
5193
3135
5316
5301
0
3220
6398
6428
1057
3198
5337
4338
2111
5567
4298
3250
3182
3229
2176
2240
1098
6468
5350
4373
6671
2211
2164
3317
3295
7659
5428
0
2313
2195
2243
5616
2232
2216
6776
2222
3262
5598
4452
1121
1128
2202
6751
1130
2220
2286
1140
0
2248
1127
3451
1131
2247
3407
4654
8093
1163
2280
5761
3436
3477
2249
4664
3411
2319
2377
2301
0
1222
2348
5859
4600
3649
1158
1191
1158
2334
3559
3479
2391
2344
5895
1181
1169
1154
2445
1149
0
2356
1167
0
0
1229
2426
2403
0
1200
2434
0
0
1207
1256
0
2413
0
1214
3645
2403
0
3649
1201
0
3702
3665
3710
4446
1232
0
3888
1247
2486
1226
0
1225
1330
0
0
2556
2491
6205
2525
0
0
1266
2608
0
1291
2645
0
1280
1249
1256
2567
1261
2780
0
0
1315
2603
1321
1327
0
1298
1268
2645
1271
6609
0
2595
1296
1311
0
1315
0
1336
0
5300
0
1358
2678
1332
0
1325
1358
5225
1331
1356
1320
4084
2729
1316
2663
1364
1323
1325
0
1352
0
1387
1356
0
2719
0
0
0
1374
1347
1389
1375
0
1369
1388
1463
2776
0
1405
4217
1400
1353
0
0
1388
1406
5638
0
0
1466
0
1398
0
0
0
4235
0
0
1403
0
0
1449
1492
1438
2865
1423
1419
1432
1453
0
0
0
0
1440
0
2912
0
1478
1410
1466
0
0
1403
2941
0
0
2886
0
2958
3116
0
4523
0
0
2992
1494
2947
1467
0
1487
0
1491
2930
5971
1520
0
0
0
3008
0
0
0
0
0
0
1505
0
3076
0
1527
1512
1511
0
0
1532
1508
0
0
0
1560
0
0
1550
0
0
1567
0
0
0
1553
0
0
1553
0
1574
1494
1549
0
0
0
1696
0
0
1579
0
4764
0
0
0
0
0
0
4766
3255
0
1581
0
0
0
1626
0
0
0
1599
0
0
0
0
0
1609
0
0
0
0
0
0
0
0
0
0
0
1681
0
0
0
0
0
0
0
0
0
0
0
0
0
0
0
0
0
0
3416
0
0
0
0
0
0
0
1727
0
0
0
1689
0
0
0
0
0
0
0
0
0
0
0
0
0
0
0
0
1744
0
0
0
0
0
0
0
0
0
0
0
0
0
0
1759
0
0
0
0
0
1784
0
0
0
0
0
0
0
0
0
0
0
0
0
0
0
0
0
0
0
0
0
0
0
0
0
0
0
0
0
0
0
0
0
0
0
0
0
0
0
0
0
0
0
0
0
0
0
0
0
0
0
0
0
0
0
0
0
0
0
0
0
0
0
0
0
0
0
0
0
