0
1005
1868
3245
4151
6616
14755
30020
67070
68495
2553
3268
4012
4032
5004
5706
6276
7023
7666
8340
1866
1884
2024
2559
2451
2499
2867
2518
2942
3369
3488
3761
3842
3941
3882
4411
4826
5147
4689
4790
4739
5125
5119
6105
5855
6117
5622
6388
6504
6789
496
402
419
437
425
484
513
501
616
450
744
438
677
336
662
802
699
825
846
1015
1057
708
847
716
1009
635
871
1128
1065
833
787
1013
1102
930
1283
987
768
1350
1030
954
1307
1564
1558
1092
1262
1355
1102
1132
1156
1534
1496
1215
1086
1268
990
1146
1178
1733
971
792
2238
2011
1710
1816
2353
1706
2026
1857
1848
2646
1926
2614
1819
2020
1804
1636
3211
2049
2307
2061
2163
1910
3023
2046
1847
2738
2554
1389
1530
2006
2459
2664
2063
2559
2159
2624
2551
2774
2876
2996
1631
1784
2286
1659
2152
1874
2617
2483
2022
1792
1375
1369
1211
1848
1679
2495
2846
2005
2099
1946
1941
2179
2009
3190
2722
1607
2894
2516
2950
2374
3057
1889
2648
2868
1953
2409
2094
1773
2611
2656
3075
1886
2812
3255
2289
2553
2586
3511
3366
2809
1855
2695
2727
3108
2730
2370
3075
2237
2165
3714
2921
3125
1749
2317
3560
3302
3035
4131
3157
3753
4213
2854
2861
4364
2508
3232
4135
3665
3265
3258
3922
2678
3549
3070
2898
3720
4239
4151
1090
3972
2383
3683
3306
3475
2786
3425
3779
4316
4022
2746
190
0
815
193
211
0
0
434
0
204
832
434
472
223
203
0
0
424
214
222
681
466
467
709
222
922
244
682
0
699
499
0
253
240
0
489
0
0
241
246
249
246
1019
252
255
546
525
531
568
273
803
260
263
0
1085
843
0
271
0
287
297
310
278
290
0
0
576
602
296
0
0
588
877
297
609
0
304
928
301
336
935
955
657
316
940
630
0
319
998
659
2018
655
330
323
331
659
691
335
383
360
0
354
731
1035
367
0
1108
735
712
364
1097
0
364
0
1094
408
0
373
393
1520
1551
816
378
381
828
1167
0
408
849
0
419
794
0
0
401
416
426
0
848
0
414
0
0
1731
0
900
425
453
886
1344
0
0
0
0
900
0
1792
474
446
919
927
459
965
488
952
0
963
940
1974
0
472
0
1929
0
995
0
481
493
482
1507
1051
996
507
1016
519
1549
0
0
1573
1598
544
0
0
1065
0
547
0
579
552
533
566
2176
1141
1627
0
0
547
1173
0
2252
0
0
2305
569
561
568
1145
576
0
0
573
1161
0
2433
1823
581
607
0
0
0
596
0
1219
0
733
0
619
619
1240
632
0
666
0
631
638
629
0
644
0
651
1348
656
0
0
0
1336
0
2744
0
1420
678
0
2290
682
2754
686
1406
0
0
742
0
0
1413
0
1456
0
0
1472
2335
758
0
1544
773
1528
1549
1524
745
765
0
1569
840
2324
0
1546
799
0
0
0
813
809
831
0
0
0
0
786
1576
810
810
1590
808
2460
798
804
3380
864
817
0
0
867
2494
1661
897
829
838
836
845
864
1752
1714
869
0
859
0
865
0
0
0
1803
0
963
883
982
897
0
901
0
2865
0
904
0
0
974
1009
0
0
971
0
2840
2840
2874
1932
969
2975
1897
1961
965
1945
1024
0
1030
0
0
2943
0
1980
1978
1026
996
2060
1018
0
1004
1021
0
2039
1006
2037
1030
4251
2054
0
0
0
1043
0
0
0
2100
0
1060
3237
3333
1151
1062
0
2150
0
3253
3263
2260
0
0
1092
0
0
1106
3340
1118
1141
0
1117
1127
0
1121
0
0
1221
3513
2278
0
0
0
0
1247
2335
1170
0
1186
2480
0
2386
1296
1189
1188
0
0
1210
3746
0
0
2426
3645
0
0
0
2471
0
1280
1229
1307
1282
0
0
0
1268
1273
2535
2644
2591
2612
0
5137
0
1290
0
2592
2669
1307
1315
1315
1311
1342
1303
1407
0
0
0
1395
4116
0
1483
0
1358
2796
1357
0
1371
1375
1368
1387
0
1378
1449
1393
1486
1542
0
1422
0
1423
1438
1492
2954
2973
0
1443
1451
1428
0
0
0
0
2934
1496
1460
1467
0
2973
4474
3131
1584
1521
1490
0
1661
1571
0
1519
1606
3162
3184
0
3167
1529
1543
0
3109
1540
1649
0
0
6461
1659
1574
0
1637
3332
1594
0
0
0
1744
3481
3263
0
0
1612
3404
0
5059
3366
0
1821
1759
0
5070
0
8650
0
1652
0
0
1689
5271
1693
1709
3408
0
1717
1871
0
1717
0
0
3594
5611
3536
0
0
3507
0
0
3621
1769
3872
1930
0
0
0
0
7350
1859
0
0
1811
1924
0
1802
1835
0
0
0
0
1923
1866
3782
1912
0
0
1869
3906
0
0
1866
0
0
9774
3983
1895
0
1997
3938
0
1916
0
0
0
1943
0
0
0
1953
0
0
4061
4182
0
0
6238
8069
0
4104
0
0
0
4044
0
0
2144
0
2087
2031
0
4130
0
0
4290
2103
2140
2097
0
4211
0
2143
0
2338
0
0
2161
0
0
2124
0
4423
2215
2242
2182
2247
2163
0
2225
0
0
4431
2235
0
0
2245
0
2206
6797
0
2250
4758
4565
2364
2274
4673
0
0
2290
0
0
0
4697
0
0
0
2312
0
2295
4894
4657
2362
2473
0
0
0
2365
0
0
2413
2548
2417
0
0
0
0
4787
2416
0
0
0
0
0
0
0
0
0
0
0
0
0
0
0
0
0
0
0
0
0
0
0
0
0
0
0
0
0
0
0
0
0
0
0
0
0
0
0
0
0
0
0
0
0
0
0
0
0
0
0
0
0
0
0
0
0
0
0
0
0
0
0
0
0
0
0
0
0
0
0
0
0
0
0
0
0
0
0
0
0
0
0
0
0
0
0
0
0
0
0
0
0
0
0
0
0
0
0
0
0
0
0
0
0
0
0
0
0
0
0
0
0
0
0
0
0
0
0
0
0
0
0
0
0
0
0
0
0
0
0
0
0
0
0
0
0
0
0
0
0
0
0
0
0
0
0
0
0
0
0
0
0
0
0
0
0
0
0
0
0
0
0
0
0
0
0
0
0
0
0
0
0
0
0
0
0
0
0
0
0
0
0
0
0
0
0
0
0
0
0
0
0
0
0
0
0
0
0
0
0
0
0
0
0
0
0
0
0
0
0
0
0
0
0
0
0
0
0
0
0
0
0
0
0
0
0
0
0
0
0
0
0
0
0
0
0
0
0
0
0
0
0
0
0
0
0
0
0
0
0
0
0
0
0
0
0
0
0
0
0
0
0
0
0
0
0
0
0
0
0
0
0
0
0
0
0
0
0
0
0
0
0
0
0
0
0
0
0
0
0
0
0
0
0
0
0
0
0
0
0
0
0
0
0
0
0
0
0
0
0
0
0
0
0
0
0
0
0
0
0
0
0
0
0
0
0
0
0
0
0
0
0
0
0
0
0
0
0
0
0
0
0
0
0
0
0
0
0
0
0
0
0
0
0
0
0
0
0
0
0
0
0
0
0
0
0
0
0
0
0
0
0
0
0
0
0
0
0
0
0
0
0
0
0
0
0
0
0
0
0
0
0
0
0
0
0
0
0
0
0
0
0
0
0
0
0
0
0
0
0
0
0
0
0
0
0
0
0
0
0
0
0
0
0
0
0
0
0
0
0
0
0
0
0
0
0
0
0
0
0
0
0
0
0
0
0
0
0
0
0
0
0
0
0
0
0
0
0
0
0
0
0
0
0
0
0
0
0
0
0
0
0
0
0
0
0
0
0
0
0
0
0
0
0
0
0
0
0
0
0
0
0
0
0
0
0
0
0
0
