0
0
0
0
0
0
0
0
0
0
0
0
0
0
0
0
0
0
0
0
0
0
0
0
0
0
0
0
0
0
0
0
0
0
0
0
0
0
0
0
0
0
0
0
18
0
0
0
0
20
0
0
47
23
69
24
0
26
26
56
0
29
58
0
94
64
100
67
34
70
73
108
188
76
242
79
291
85
387
44
131
361
137
289
194
195
99
56
106
103
55
54
113
284
228
117
59
59
122
0
135
457
205
274
204
138
351
0
225
149
298
300
152
157
399
418
249
170
512
258
434
103
271
375
282
689
284
193
589
300
507
525
406
524
642
537
772
332
670
341
693
810
710
718
363
632
367
249
374
388
680
207
772
222
545
111
557
327
792
567
596
0
232
248
576
835
856
472
474
2405
596
369
977
1109
495
737
1015
883
764
519
645
1423
925
1447
781
808
396
793
935
1366
817
1229
1240
537
1590
1092
1533
1977
859
1441
1582
590
1893
1041
1633
1939
1914
1619
1055
1979
1972
1373
1510
1731
2508
2860
2206
1870
3457
2834
2746
2755
3460
2908
2497
1466
3161
2317
1497
2829
2678
3577
3848
5301
3901
3763
2236
2984
2647
3745
3728
2159
2671
3040
4727
4681
5099
3449
3486
2971
4776
2750
3365
3011
3786
3784
2660
3449
4228
3064
4865
3871
5030
5851
4309
3569
3567
3354
4482
2367
3681
4033
5077
5478
4147
3942
5604
4809
2924
5449
2951
5111
3602
5114
3002
4680
5231
5200
5472
4973
3506
4785
7824
8156
4261
4477
6057
5855
3841
3359
4589
4606
7309
7447
5096
5117
5631
7908
4519
6612
7118
5772
5184
7399
9232
5067
5584
5806
7766
5891
7846
7577
8373
7782
8989
6244
9035
9319
9168
7695
11263
9411
6976
9506
6677
9875
10386
8621
11249
7156
11879
8041
12232
8000
9461
8866
8649
10242
11524
8690
7141
10498
9734
9437
12761
11104
12380
13099
12061
11380
14011
9134
13136
11213
14399
11774
13930
11055
10204
15210
14127
16554
11453
8894
13996
14189
12833
17075
14440
16683
14541
9978
14620
13417
14701
10417
14247
16203
13959
18072
13762
15312
13236
12101
13032
15151
12453
9310
15580
13794
14865
13610
19145
14668
17543
17074
15274
15070
18186
15528
18640
17123
15995
20512
16290
18572
18378
12833
18056
16752
14003
18345
17585
18787
21125
22129
25177
18214
21920
14852
18531
23874
22417
23911
28347
24899
25647
20201
23840
20163
28035
28624
24229
25407
25694
26175
25415
28279
30797
29024
31186
29515
34982
30082
35380
33406
38664
36779
34634
32204
32965
35108
35473
36295
39812
30765
35580
31465
27881
33107
36560
33526
39659
29819
30079
34252
28616
32886
30903
31565
26833
33715
29914
33256
32942
31379
30324
27737
35305
30541
25847
27420
32010
28621
28077
27154
34709
28295
25643
27352
29545
25204
26898
18662
18259
22538
19627
22290
19306
26864
20687
24617
25862
24216
23558
21789
21995
20787
20698
21296
24673
17107
19666
22324
18780
19080
20619
19789
22465
15779
24023
22277
17532
23994
24719
25480
26153
21173
23622
17504
29119
23217
22804
23695
17707
22652
23712
24542
14337
16948
17021
15373
16607
18676
16492
23034
21621
22005
17134
20157
17245
16184
16787
18996
15333
16015
15977
16311
16024
15838
19136
17790
19785
15214
13791
16778
13788
16904
15896
14376
14368
17145
17071
16140
13172
12533
9977
16259
13218
13333
14739
14862
13194
13356
13801
16559
15486
14537
12417
14585
13118
14118
11955
15146
14746
12451
7699
12158
14348
13856
14309
13747
10977
17786
12722
13863
8306
14038
6717
11211
12561
13009
12380
16954
7379
15449
14229
13206
9131
12051
13042
13905
12637
8129
10969
9880
15171
12271
15229
11848
11982
8189
12405
13000
11391
9945
11782
8382
11334
13256
10858
7743
11420
8412
16344
13796
6667
10835
11007
12228
10435
9216
11703
6162
14140
7439
11748
9837
10512
10774
6983
9842
10093
8095
8898
8239
8338
10839
12771
7730
8352
12734
8865
11458
17336
11473
10143
7718
12250
11595
10916
12330
11093
11692
11672
7222
8678
11159
9947
7869
9289
5985
11334
7950
9264
11431
6624
7374
9308
10127
10142
13013
8103
8730
9637
8021
10245
8914
13844
12242
6929
13692
6857
9933
13810
6318
9076
9790
4226
9904
7615
7640
9809
9800
9115
12020
7120
11301
9984
8621
8796
9918
6406
8591
9384
10139
6413
10782
8665
12897
8635
10092
7163
7202
8738
10221
9504
10405
5818
7339
4375
5929
10302
5864
8700
12532
11151
9675
4497
10573
6028
8949
9755
9980
10484
11190
7647
9855
9174
9864
7674
9415
4570
5337
7012
10060
9980
8442
9230
8427
3787
8661
9336
8508
7184
5462
8591
3964
7099
7874
8592
12694
4759
9445
11243
4033
8910
7901
7944
4761
7208
3209
6472
3242
5583
9790
4007
6555
7304
9024
5719
7291
5836
4131
4951
5889
5019
9086
4160
4933
3373
6610
5841
2548
7423
6663
4190
7531
3327
5114
2485
4244
5886
5024
9378
10254
1717
4315
12049
5094
6082
4290
4357
5109
7776
6059
6887
2636
7875
5213
7082
6227
1807
5169
8746
3513
6926
6204
4494
3573
1781
4384
6241
1774
4433
8022
7145
10697
1789
8960
8944
5431
10913
5325
3584
3634
9166
3653
11866
1825
5482
3628
8243
2748
6419
8247
3768
6505
10997
4679
1817
9326
11056
8345
4631
6631
4739
9530
2864
3712
5567
7519
8502
2867
4754
9590
4753
7563
9536
5840
5718
6637
11734
8692
5775
12647
6675
11771
10587
9686
3907
6917
5831
5908
4860
7807
6810
5856
5883
8870
6688
5974
7972
3891
5920
7905
4965
6930
5918
3172
2999
7025
9104
1014
1960
3004
5130
8012
7101
1014
3063
2057
4061
4050
3049
4138
1041
4087
6169
7197
7169
5246
2035
4077
1068
6213
4143
3115
2105
5342
2080
8386
6209
5269
2081
3148
3184
3129
6377
6373
2092
3143
4261
3104
3234
2121
4290
4361
2149
1082
6497
6441
3223
2165
2139
5406
5358
3200
3306
4367
0
1074
7606
5584
4373
1101
1058
7652
3276
4352
2182
3308
1117
2209
6692
2211
2182
4421
8912
4444
2254
1131
1119
3333
3443
2281
5663
6705
6760
6695
5773
1166
6873
3420
4497
2290
3382
2274
4656
2306
3439
1118
2326
1150
4681
2288
1129
1187
4700
0
3483
1201
2283
3453
1210
2342
2375
8330
1185
1218
1232
8256
2324
2395
2304
0
0
0
0
3521
6076
1175
3542
2354
1188
0
1281
4711
3628
0
2418
0
0
2446
2413
3674
0
1211
0
1208
3687
2510
2430
0
2540
0
0
1248
1244
2601
2502
1252
5005
3788
2502
1320
2461
1251
1280
0
2448
1212
3808
1272
3784
2523
1266
2565
2600
3822
1302
0
5085
1414
2515
0
0
0
0
1291
1505
3862
1311
3878
1278
1345
0
3979
1288
1321
3965
0
1302
3959
1308
1332
2695
0
0
0
1367
0
2721
1334
2660
1335
0
1323
0
4081
0
5602
3972
1345
1315
1321
1358
0
1363
1386
1352
2836
0
2702
2678
2783
0
1430
0
0
1352
0
0
0
1370
5628
0
0
0
1423
4158
0
0
2878
0
0
0
0
1364
1356
2850
0
0
1451
0
1433
0
1425
1427
1432
2900
0
2940
0
0
2929
1464
0
0
2833
1436
0
0
1509
0
0
4252
0
0
1581
0
1481
3020
1463
1503
0
0
0
1425
0
1591
0
0
1460
1473
4523
1469
2929
4499
0
1546
0
1524
1479
0
0
3045
0
0
1524
0
0
1518
1498
1544
1541
3100
0
0
0
0
0
1522
3019
0
1558
1516
4606
0
0
4595
4739
3101
1594
0
0
1589
0
4725
3126
0
0
1531
0
0
4720
3098
1569
0
3158
0
0
0
1609
0
0
0
0
0
0
1584
0
0
0
1608
0
1556
0
1639
0
0
0
0
1632
0
0
0
0
0
0
0
0
0
0
0
0
0
0
0
0
0
0
0
0
0
1671
0
0
0
0
0
0
0
0
0
0
0
1649
0
1648
0
1701
0
0
3374
0
0
0
0
0
0
0
0
0
0
0
0
0
0
0
0
1707
0
0
0
0
0
3466
0
0
0
0
0
0
0
0
0
0
1740
0
0
0
0
0
0
0
0
0
0
0
0
0
0
0
0
0
0
0
0
0
0
0
0
0
0
0
0
1827
0
0
0
0
0
0
0
0
0
0
0
0
0
0
0
0
0
0
0
0
0
0
0
0
0
0
0
0
0
0
0
0
0
0
0
0
0
0
0
0
0
0
0
0
0
0
0
0
0
0
0
0
0
0
0
0
0
0
0
0
0
0
0
