1076705
1184146
1095757
1091534
1088396
595576
1088706
1104007
1088352
1090502
1089260
1119085
674834
958576
1091307
1087928
1182616
1091874
1090321
595721
959091
1093934
1148861
1097844
1093388
1089962
639485
962513
1090773
1179785
1092673
1224641
1094039
597624
964722
1173047
1216279
1145726
1096297
1096707
602290
1085708
1099598
1166613
1099606
1102128
1104657
606435
1011149
1102638
1104598
1104702
1105415
1121759
609554
1029913
1131581
1102682
1103469
1105429
1100956
618586
968754
1194747
1096860
1211381
1097450
1095316
648761
962255
1112819
1093050
1144145
1092509
1092632
596599
963870
1089115
1092014
1092030
1089480
1091097
595583
961999
1089520
1089069
1090951
1088714
1124721
595719
1037617
1088127
1088327
1100492
1090976
1090288
618331
962648
1088629
1087417

