233417
232301
273166
229112
228137
227639
228648
130132
124649
124288
123218
128305
125936
122203
121517
121035
121928
121913
164285
121105
119548
163533
118745
118471
118293
118073
118947
117042
117623
118277
116114
122291
115613
115375
115097
114727
116994
114741
114136
113754
113875
113324
113191
117139
113246
113992
112663
112281
112434
111201
111495
110934
110739
110413
110124
110835
109266
109545
109824
109245
109097
108997
108934
109887
109513
113864
108535
108782
108708
108492
108583
108500
108463
108459
108335
108246
108668
108118
108539
108448
108704
108673
108425
108561
109027
110694
108748
108461
108773
109719
110447
111701
109526
111929
109258
113855
109285
108761
112341
110190

