15029568
14937241
14771245
14836175
15027515
12009662
11867757
15009929
14972987
14916260
14882474
14540447
11927766
12128819
14877238
14569534
14627179
14865049
14807234
12416672
11777569
14808183
14848235
15123053
14962628
14835739
11932981
12208407
15096898
15151278
14777773
15214343
15055981
12442570
12384337
15039224
15103251
15315689
15532971
15424991
12758384
12451017
15829443
15752480
15826382
15784353
16092904
13215847
13130867
15988577
16323907
16365608
16275834
16814391
13756405
13544075
16371949
16650309
16927022
16721760
16660153
14014234
13843759
16340177
16664586
16601422
16514119
16321872
13604433
13635834
16231147
15996957
15933366
16074205
15872680
13264155
12982570
15884025
15764986
15678125
15690385
15852258
12927130
12817466
15603712
15873310
16308906
15728647
15865149
12980138
12969342
15769358
15719610
15938878
15832166
15651628
12633887
12953366
16185831
15818906

