16339706
16353708
16140195
16156839
16344068
12832904
13185130
16244085
16186008
16131070
16094966
15787851
12728556
13209622
16090075
15778512
15931742
16078858
16061855
13133512
12856229
16065664
16115855
16339383
16174331
16043789
12691429
13287982
16305316
16449353
15986575
16562100
16265653
13155584
13464176
16327016
16436545
16576171
16743426
16635474
13474564
13650066
17042247
17036259
17039246
17000486
17310242
13934589
14254464
17202430
17540022
17581264
17492002
18046579
14476109
14684903
17612872
17862551
18140341
17936514
17870219
14741890
14921535
17644894
17871029
17926969
17720177
17526043
14361921
14706601
17452639
17198589
17186061
17275293
17073735
13969079
14055131
17081376
16965625
16878621
16888590
17052119
13631216
13888049
16802283
17073108
17508628
16925903
17098725
13685663
14117491
16969270
16917549
17151437
17032491
16855853
13361584
14025119
17386892
17016593

