1667083
1772846
1773666
1772511
1773536
1475134
1664097
1793783
1770617
1774227
1773478
1769722
1476581
1657782
1772289
1776023
1778814
1771835
1769842
1477297
1671053
1771016
1771114
1786883
1781786
1770881
1475190
1661227
1773885
1772294
1772303
1786439
1771646
1476078
1678340
1773356
1771870
1771072
1775276
1772264
1479550
1680175
1773459
1773205
1796636
1774506
1773372
1483142
1667816
1772216
1770665
1774411
1771507
1772936
1480064
1656317
1780926
1798009
1786750
1794660
1782861
1477924
1658104
1777663
1769823
1770714
1776991
1773303
1487545
1668500
1770810
1772248
1771698
1774663
1777877
1478353
1659377
1773243
1772633
1770733
1774873
1772102
1475218
1664793
1774796
1772262
1771842
1772639
1773072
1477347
1656999
1771495
1773672
1769496
1797395
1790987
1487898
1678267
1771566
1785461

