219906
253852
219261
220370
223067
219221
218657
120546
122586
120498
123775
121559
121053
124952
119437
136613
121679
120744
119937
120198
121419
119195
136861
121344
120862
120070
119888
119604
119818
119661
119935
120281
119826
119760
119796
119455
148623
119836
157119
129727
119746
119741
120167
119843
120318
120091
120526
119943
160980
141217
121858
150353
121248
120092
119751
119483
119597
120178
119965
120539
119935
119830
119324
119524
120988
136226
121331
119811
120073
121073
119441
120511
119766
119900
131589
121117
154570
131572
130059
119659
119733
119703
119833
119817
120058
119952
122328
126090
123166
119650
148808
148697
138820
119960
121512
120986
125918
120057
138779
121486

