191903956
192072038
191692711
193046776
191566455
176718685
177044316
191952949
191459359
191288521
192371270
191569423
176973990
176809968
191592310
191671744
191431389
191764300
191556166
176928688
177128734
191623169
192639117
191337841
192198068
191175066
176906105
177006283
191972063
191297376
191411416
191495992
191279770
176878220
176693913
192079511
191788529
190883654
190472438
191331556
176160254
176078403
190266207
190588102
190081828
189344766
190102805
175020501
174947856
188992376
188288266
189878256
189818322
188510085
174377506
174486144
188544532
188584132
188631404
188627661
188814135
175840612
175637089
189803834
189795287
189765586
190024345
190707673
176965668
176914522
191483020
191553299
191335529
191239711
191311318
177855598
177688378
191791281
191917575
192077846
192066656
192039780
178286351
179127323
192693660
192149268
192204506
192259426
191667234
178475660
178391486
192476623
192086346
192342916
192520228
192515201
178615811
178230240
192092837
192229212

