193790961
194098799
193685667
195039693
193563092
178413065
178927102
193867310
193352586
193183266
194268547
193460725
178571650
178592738
193484059
193584421
193331904
193656902
193445966
178526206
178921229
193513407
194547115
193246089
194100738
193066039
178501205
178787135
193865789
193189356
193303682
193402736
193171267
178474082
178492086
193972348
193709046
192774582
192404859
193233570
177759574
177878340
192159851
192481170
191998802
191239384
191996724
176623612
176776677
190905827
190180813
191803040
191711100
190403134
175977342
176261967
190445079
190502357
190538141
190542880
190716970
177438396
177414541
191701043
191686139
191672548
191922683
192600800
178573305
178704109
193373287
193446072
193227008
193134290
193220808
179455087
179502347
193696119
193820285
193968259
193961282
193931607
179881424
180911952
194588532
194041513
194098707
194158182
193563495
180072682
180197314
194396833
193998867
194232397
194439163
194427197
180229655
180028592
194003220
194136188

