1083307
1147565
1155430
1157433
1166905
627619
1105659
1245012
1317880
1148363
1148835
1151561
625631
1019151
1218831
1149880
1152118
1153993
1151645
625728
1026311
1155722
1153649
1156262
1154754
1157855
625268
1021854
1155877
1155014
1153604
1158581
1176542
626076
1022241
1155392
1232072
1160793
1234385
1160395
631650
1027497
1163010
1165829
1165519
1167416
1169712
641496
1037874
1176039
1172611
1180436
1243981
1176128
649727
1038794
1174802
1232634
1262516
1176043
1165460
635175
1027805
1162296
1166001
1169550
1160643
1162146
631720
1023302
1157354
1153943
1154806
1153831
1152179
625738
1018575
1151367
1155097
1153914
1155367
1155442
631275
1046749
1159342
1157039
1159692
1154631
1155349
625656
1022973
1152374
1148510
1149277
1151294
1146654
626574
1018078
1217350
1152676

