228198
227255
227803
228164
227470
227433
302010
128578
125219
122680
131529
127148
122736
125291
123746
123385
123675
124137
123943
123001
123717
124128
123443
124971
123374
123581
122484
123171
183901
123115
185040
123176
165278
122565
185379
123015
124410
123398
123311
123385
123659
123425
123412
123874
123692
123511
123536
123424
123239
124260
123936
123646
123645
123440
123598
123461
123384
199361
129435
123342
123296
122781
123224
123132
123234
124247
123265
123208
123216
122814
122894
123244
123285
123018
122907
122604
122751
122773
123293
123469
123187
123885
124391
123521
123515
123565
123796
122975
123093
125260
123463
123630
125032
124030
124838
129578
123563
124575
123357
124413

