2732831
2040250
2082412
2021086
2092003
1383395
1963379
2043751
2083579
1908111
1921266
1924569
1285733
1686241
1998752
1939265
1941071
1950732
1954349
1321329
1730178
1986014
2059606
2006758
2080022
2035508
1445976
1804352
2141420
2094680
2170704
2136634
2225136
1509708
1995508
2248760
2358729
2310426
2418194
2384984
1706188
2134832
2506779
2552660
2610340
2644876
2606622
1938822
2288258
2678051
2722245
2648052
2695221
2669490
1854550
2291444
2538081
2709738
2623280
2428392
2401366
1653070
2019751
2358047
2326439
2246235
2259004
2182923
1561076
1865706
2185565
2097746
2155804
2070081
2119030
1390602
1774006
2017190
2014148
2002922
1995277
1988287
1344524
1748601
1972419
2036126
1961789
2017220
1949692
1361825
1692801
2004476
1929478
1993243
1931920
1930168
1287225
1680884
1989675
1925994

