1013234
1078568
1078774
1079303
1078195
604456
968203
1080200
1080172
1080148
1080568
1130363
608945
968851
1113206
1079428
1083594
1088713
1079437
603577
972411
1133257
1082967
1081163
1090395
1083308
604629
969763
1079973
1084169
1082208
1083139
1081655
605241
970758
1093584
1086786
1154323
1088352
1088852
610950
977302
1091672
1094298
1099941
1094416
1095329
614946
984595
1097981
1098471
1102209
1099317
1098384
617046
982193
1096090
1098869
1100527
1092560
1092151
660395
977852
1088024
1086812
1085263
1085215
1084285
608290
972808
1084695
1082038
1082169
1081624
1081253
650892
971162
1081454
1080729
1082389
1081714
1079792
605665
970289
1088798
1080080
1080187
1080856
1080407
604169
970319
1081097
1082703
1080059
1080250
1081190
604568
968239
1079715
1130300

