216104
215910
216261
215989
215576
215728
215397
117191
118291
117119
120819
125287
121198
118259
117390
117657
117601
117721
117764
117049
160545
117355
117315
117595
153711
117502
116730
116561
116780
117040
116906
117433
116809
116997
116843
116885
117623
117239
118924
117639
117362
117238
117136
117955
118589
117494
119197
117754
117096
117197
117465
117575
117274
117198
117317
117056
116761
117141
138125
116989
117063
116974
116572
116673
116767
116718
116695
118213
116906
116433
116610
116748
116972
116799
116645
116979
116559
116398
118418
117134
117115
116761
117519
116913
116819
116774
117148
119613
116751
117290
117140
119807
162133
121380
118999
117068
118955
117071
120236
118052

