19728529
19584439
19300502
19591988
19410008
16671857
17599296
19680835
19227151
19516158
19575747
19340084
16910674
16470845
19169760
19939965
19409881
19463695
19630887
16802778
16852389
19596688
19521108
19760619
19408216
19460163
16804430
16921936
19301916
19357070
19793886
19328110
19410331
16729323
16750095
19949644
19275888
19223713
19520530
19829997
16474360
16535299
19526011
19722071
19829048
19839973
19717176
17043411
17238954
19817118
19758647
19981195
19909931
19624351
17374842
17031546
19659200
19882829
19701669
19599464
20017143
17644578
16993418
20188503
20132105
19975193
20087626
20155971
17491531
17053160
20153831
20066698
19560965
19936976
19726192
16578599
17053836
19612795
19537549
19575781
19580723
19576266
16685216
17067327
19710420
19382068
19650710
19633200
19366911
16818524
16769639
19896642
20375280
19961106
19969636
19911793
17038265
17304439
19818245
20187597

