19164639
19328288
19147509
19143774
19282013
16227739
16853806
19704347
19065897
19021695
19288413
19243790
16071273
16630305
19176783
19050709
19186063
19151873
19044817
16223144
16551189
19166415
19448083
19221836
19160046
19049545
16302041
16608044
19105983
19293408
19184173
19123223
19317828
16257015
16871986
19366893
19384861
19386408
19411977
19537780
16409556
16691849
19603403
19524151
19582192
20115128
19580367
16415047
16900571
19722610
19626938
19518979
19792700
19702991
16457256
16912520
19778611
20168467
19568755
19829924
19747301
16467289
16941784
19750243
19713363
19564932
19771141
19717249
16413162
16899351
19675292
19622747
19949101
19667089
19634308
16325252
16843889
19542229
19537839
19490413
19528437
19615124
16273026
17111034
19606302
19496882
19546225
19525929
19626101
16275706
16870892
19519101
19543249
19490020
19518683
19633440
16284595
17249645
19491697
19559116

